id	M	dec_year	latitude	longitude	depth	strike	dip	rake	s11	s12	s13	s22	s23	s33
1.0	5.8	1997.734847	43.0305	12.8622	5.7	144.0	42.0	-80.0	-9053.0	135400.0	-10030.0	12130.0	32330.0	-101700.0
2.0	4.3	1997.735284	43.0208	12.9447	3.9	147.0	29.0	-88.0	-84650.0	-250600.0	64790.0	-1097000.0	78520.0	-483900.0
3.0	4.3	1997.73741	43.0907	12.8243	5.7	148.0	55.0	-89.0	-56860.0	168200.0	-110200.0	180400.0	180600.0	-1183000.0
4.0	2.4	1997.74219	43.037105	12.904191	3.41	105.0	45.0	-110.0	436800.0	569500.0	192500.0	445000.0	-146100.0	-1104000.0
5.0	2.9	1997.742296	43.007113	12.822975	7.067	130.0	55.0	-80.0	-196000.0	-77050.0	259800.0	-78360.0	184600.0	-152700.0
6.0	2.4	1997.742686	43.040255	12.876101	3.129	90.0	25.0	120.0	-2174000.0	-11750.0	1304000.0	1425000.0	-1371000.0	-771900.0
7.0	3.3	1997.742872	43.043738	12.894293	4.318	130.0	75.0	-80.0	800000.0	439300.0	-87480.0	163500.0	464500.0	-910800.0
8.0	2.4	1997.742904	43.040234	12.874486	2.653	90.0	40.0	-130.0	-1781000.0	-174700.0	990100.0	853400.0	-985500.0	-323600.0
9.0	2.4	1997.742906	43.051473	12.873798	2.867	165.0	30.0	-50.0	-4998000.0	-3155000.0	9174.0	-988900.0	-511300.0	6398000.0
10.0	2.9	1997.742908	43.040157	12.874722	2.64	160.0	60.0	-30.0	-1781000.0	-174700.0	990100.0	853400.0	-985500.0	-323600.0
11.0	2.4	1997.743049	43.043148	12.850445	4.396	75.0	75.0	-160.0	-3259000.0	-1342000.0	878000.0	-1832000.0	729100.0	-3874000.0
12.0	3.3	1997.743496	43.029464	12.873048	2.613	155.0	45.0	-70.0	-786300.0	24500.0	430300.0	434100.0	-69470.0	-560100.0
13.0	3.6	1997.74403	43.050574	12.891961	2.678	345.0	15.0	-30.0	-3082000.0	-2834000.0	-486200.0	-3621000.0	-944500.0	5002000.0
14.0	3.1	1997.744452	43.04716	12.903802	2.83	140.0	45.0	-100.0	412200.0	727700.0	130100.0	156800.0	-105700.0	-1150000.0
15.0	2.4	1997.744673	43.053369	12.920497	1.687	95.0	50.0	-140.0	107700.0	315800.0	-17000.0	22150.0	-10980.0	-312300.0
16.0	2.9	1997.745365	43.019515	12.85131	5.299	135.0	20.0	-50.0	-1742000.0	-253100.0	471700.0	-34490.0	172200.0	-404300.0
17.0	3.1	1997.74541	43.079252	12.806385	4.689	40.0	45.0	-100.0	-1451000.0	-863900.0	49810.0	-1813000.0	575500.0	-1137000.0
18.0	2.4	1997.745819	43.041398	12.85138	4.139	80.0	55.0	-140.0	-2496000.0	-1280000.0	158800.0	-1160000.0	261400.0	-1389000.0
19.0	2.4	1997.745967	42.939242	12.913535	5.573	205.0	60.0	-140.0	-148900.0	17730.0	25860.0	49030.0	3225.0	-6570.0
20.0	2.4	1997.746021	42.999947	12.866734	0.943	160.0	50.0	-80.0	37040.0	107800.0	-33840.0	149300.0	36730.0	-26410.0
21.0	2.4	1997.746431	43.0316	12.909698	2.997	265.0	80.0	-160.0	637000.0	514100.0	-483400.0	359900.0	114300.0	-244800.0
22.0	2.4	1997.746713	43.04329	12.948534	0.249	115.0	35.0	-100.0	104800.0	104700.0	8800.0	368700.0	28030.0	-53670.0
23.0	2.4	1997.746914	43.012927	12.940864	1.287	165.0	40.0	-70.0	23610.0	79810.0	5714.0	235400.0	-362200.0	-60080.0
24.0	2.4	1997.747397	43.102368	12.836554	3.731	130.0	75.0	-80.0	-451700.0	-120600.0	278400.0	-745800.0	352500.0	-1076000.0
25.0	2.4	1997.747656	43.127454	12.810845	5.233	60.0	55.0	-150.0	-283500.0	111700.0	-107600.0	93160.0	-23260.0	-76910.0
26.0	3.1	1997.747775	43.103011	12.837802	4.225	95.0	65.0	-110.0	-939600.0	-464700.0	-168500.0	-900500.0	-93740.0	-808600.0
27.0	2.4	1997.747861	43.023348	12.846605	5.111	170.0	35.0	-40.0	-1930000.0	-767200.0	521400.0	-341300.0	220200.0	-429200.0
28.0	2.9	1997.74799	43.079195	12.804575	2.981	170.0	55.0	70.0	151500.0	258600.0	202900.0	217800.0	568800.0	-247300.0
29.0	3.5	1997.748142	42.971167	12.923835	2.603	45.0	45.0	-120.0	44900.0	119500.0	153200.0	112200.0	72860.0	50480.0
30.0	2.4	1997.748781	43.061536	12.824458	6.316	85.0	45.0	-160.0	1576000.0	817400.0	-118400.0	1420000.0	-743400.0	579900.0
31.0	2.4	1997.748985	43.03892	12.873152	1.953	45.0	30.0	140.0	-575900.0	3761.0	555300.0	275900.0	-214300.0	-185900.0
32.0	2.9	1997.749057	43.06193	12.840758	5.175	120.0	85.0	-20.0	-1003000.0	-1516000.0	-609300.0	-1366000.0	-264000.0	5111000.0
33.0	3.2	1997.749409	43.039042	12.911507	2.393	140.0	75.0	-60.0	341800.0	390600.0	-156300.0	301500.0	-119500.0	-635200.0
34.0	2.4	1997.749432	43.076558	12.810859	4.754	110.0	70.0	-90.0	-1341000.0	-830900.0	279200.0	-1813000.0	763700.0	-1352000.0
35.0	2.4	1997.749462	43.014795	12.91639	2.958	120.0	40.0	-130.0	289100.0	175900.0	-369600.0	262800.0	-736200.0	1846000.0
36.0	2.4	1997.749466	43.05765	12.874049	2.422	125.0	55.0	-100.0	-3428000.0	-2119000.0	1601.0	-1752000.0	-766000.0	3575000.0
37.0	3.0	1997.7495	43.023348	12.863482	3.632	65.0	25.0	-90.0	-1227000.0	70580.0	33480.0	287800.0	64910.0	-667700.0
38.0	3.2	1997.749557	43.031156	12.91054	3.517	145.0	30.0	-60.0	1028000.0	1050000.0	-75630.0	1752000.0	145800.0	-1047000.0
39.0	2.4	1997.749724	43.036715	12.871794	4.753	80.0	45.0	-140.0	-3318000.0	-4090000.0	-1419000.0	-4975000.0	-66320.0	8306000.0
40.0	2.4	1997.749743	43.041484	12.873819	2.361	75.0	70.0	-170.0	-1024000.0	-91540.0	706200.0	365900.0	-527900.0	56800.0
41.0	2.4	1997.749814	43.084639	12.844598	2.198	55.0	90.0	-170.0	863700.0	91170.0	-1182000.0	-119800.0	94450.0	-62410.0
42.0	3.4	1997.749844	43.082869	12.840198	2.634	55.0	80.0	-160.0	1554000.0	329700.0	-1047000.0	31660.0	-64230.0	958800.0
43.0	2.9	1997.74985	43.058032	12.883892	2.051	135.0	25.0	-60.0	-1704000.0	-1057000.0	-343300.0	-1112000.0	-1545000.0	3959000.0
44.0	2.4	1997.749857	43.082723	12.839185	2.458	60.0	70.0	-150.0	1091000.0	220200.0	-1029000.0	-109700.0	-13930.0	247200.0
45.0	2.4	1997.749949	43.004903	12.900328	4.136	70.0	65.0	-160.0	-244700.0	-487500.0	4893.0	-580500.0	107.1	791700.0
46.0	3.4	1997.749956	43.038802	12.873209	1.872	80.0	65.0	160.0	-575900.0	3761.0	555300.0	275900.0	-214300.0	-185900.0
47.0	3.1	1997.750587	43.038432	12.872766	1.891	115.0	50.0	160.0	-575900.0	3761.0	555300.0	275900.0	-214300.0	-185900.0
48.0	2.4	1997.750721	43.051717	12.871444	2.551	280.0	90.0	-160.0	-1290000.0	-434100.0	351400.0	749200.0	-472400.0	1452000.0
49.0	2.4	1997.750728	43.03396	12.900974	4.061	140.0	40.0	-130.0	600400.0	587500.0	151500.0	714900.0	-147500.0	-1268000.0
50.0	2.9	1997.75078	43.014299	12.852185	4.978	115.0	25.0	-60.0	-1371000.0	-124300.0	230000.0	-52670.0	59560.0	-241600.0
51.0	2.9	1997.750785	43.016288	12.853124	5.235	320.0	65.0	-120.0	-1278000.0	-85200.0	391800.0	-86350.0	111000.0	-269000.0
52.0	2.9	1997.75088	42.990031	12.851878	1.859	160.0	60.0	-50.0	-165500.0	1262.0	-80190.0	33760.0	-52880.0	-23870.0
53.0	3.5	1997.750966	43.041191	12.874262	2.014	45.0	35.0	100.0	-619800.0	89580.0	745900.0	400200.0	-444700.0	-178100.0
54.0	3.3	1997.751025	43.041154	12.874466	1.827	70.0	40.0	130.0	-619800.0	89580.0	745900.0	400200.0	-444700.0	-178100.0
55.0	2.4	1997.751169	43.041219	12.911592	6.913	140.0	35.0	-80.0	56470.0	108900.0	36670.0	335600.0	3674.0	-326300.0
56.0	2.4	1997.751274	43.019796	12.854417	5.074	140.0	25.0	-50.0	-1742000.0	-253100.0	471700.0	-34490.0	172200.0	-404300.0
57.0	2.9	1997.751812	43.062703	12.834793	5.085	350.0	80.0	20.0	-1710000.0	-2393000.0	-455700.0	-3303000.0	-223200.0	4750000.0
58.0	2.4	1997.752226	43.030774	12.833567	6.512	85.0	80.0	-100.0	-352100.0	-155000.0	689200.0	-144600.0	522900.0	-690400.0
59.0	2.4	1997.752565	43.022144	12.834627	4.713	140.0	20.0	-70.0	-1201000.0	-757700.0	229900.0	-558000.0	90870.0	-101300.0
60.0	2.9	1997.752571	43.048857	12.845305	4.19	115.0	55.0	-120.0	-2447000.0	-1458000.0	248200.0	-1877000.0	249900.0	-1977000.0
61.0	2.4	1997.753059	42.955518	12.928904	3.24	155.0	65.0	-80.0	21210.0	75710.0	50580.0	66190.0	15270.0	-68180.0
62.0	2.4	1997.753263	43.104333	12.805805	3.449	165.0	55.0	-50.0	507900.0	-256500.0	-538000.0	13890.0	364000.0	806200.0
63.0	2.9	1997.753481	42.940617	12.910445	5.733	115.0	70.0	-50.0	-195600.0	-262.4	27000.0	49490.0	4499.0	-16100.0
64.0	2.4	1997.753504	43.004708	12.845566	1.819	150.0	35.0	-70.0	-275300.0	-41570.0	-121100.0	53540.0	-58070.0	-35480.0
65.0	2.4	1997.753544	42.940255	12.912324	5.679	105.0	40.0	-40.0	-182400.0	17020.0	29720.0	54960.0	5667.0	-21010.0
66.0	3.4	1997.75366	43.057507	12.879353	2.293	105.0	55.0	-120.0	-4678000.0	-2863000.0	-323800.0	-2422000.0	-1459000.0	5028000.0
67.0	2.4	1997.753668	42.942627	12.923816	2.472	115.0	65.0	-120.0	-6202.0	39100.0	-6420.0	32840.0	11660.0	-24200.0
68.0	3.3	1997.753791	43.105355	12.805236	3.47	165.0	60.0	-50.0	507900.0	-256500.0	-538000.0	13890.0	364000.0	806200.0
69.0	5.0	1997.753926	43.037976	12.847501	4.817	141.0	43.0	-74.0	-3834000.0	-1986000.0	709800.0	-2480000.0	281100.0	-2451000.0
70.0	3.4	1997.754067	43.048873	12.890957	2.058	290.0	90.0	-150.0	-1326000.0	-294600.0	827500.0	225800.0	-1401000.0	2038000.0
71.0	2.4	1997.754071	42.951489	12.914049	3.235	140.0	55.0	-80.0	-80590.0	51300.0	-27100.0	69090.0	8189.0	-74240.0
72.0	3.4	1997.754179	43.02797	12.869573	3.752	90.0	80.0	170.0	-1259000.0	113900.0	308100.0	442400.0	65530.0	-825800.0
73.0	3.3	1997.754308	43.106095	12.803547	4.054	165.0	60.0	-80.0	95510.0	-433700.0	-647800.0	-378100.0	150300.0	666800.0
74.0	2.4	1997.754312	43.103239	12.804382	3.76	185.0	50.0	-50.0	753000.0	-65180.0	-381500.0	192400.0	709300.0	934000.0
75.0	3.5	1997.754369	43.102535	12.804963	3.531	120.0	40.0	-120.0	753000.0	-65180.0	-381500.0	192400.0	709300.0	934000.0
76.0	3.2	1997.754512	43.042611	12.830206	4.492	60.0	30.0	140.0	-1694000.0	-1353000.0	27350.0	-2142000.0	-189100.0	-1352000.0
77.0	2.4	1997.754795	43.0271	12.867631	4.801	15.0	75.0	10.0	-1821000.0	662100.0	820300.0	781500.0	188400.0	-1648000.0
78.0	3.4	1997.754862	43.04279	12.861301	4.133	140.0	35.0	-110.0	-3667000.0	-1107000.0	707700.0	-620900.0	44050.0	1182000.0
79.0	2.4	1997.754902	43.030648	12.872983	3.516	100.0	80.0	170.0	-1381000.0	79830.0	699600.0	722200.0	-131300.0	-950400.0
80.0	2.4	1997.754991	43.029895	12.840813	6.937	350.0	35.0	-30.0	151600.0	322000.0	387200.0	272800.0	163300.0	-848500.0
81.0	2.4	1997.755824	43.062944	12.853	3.687	60.0	25.0	-90.0	-3725000.0	-4342000.0	-1102000.0	-4330000.0	275400.0	6801000.0
82.0	2.4	1997.756086	43.058223	12.899649	2.295	320.0	65.0	30.0	-187500.0	-267600.0	386300.0	-2039000.0	455300.0	-1706000.0
83.0	3.9	1997.756339	42.939246	12.913829	5.483	115.0	70.0	-60.0	-148900.0	17730.0	25860.0	49030.0	3225.0	-6570.0
84.0	2.4	1997.756356	42.992786	12.905344	4.698	320.0	70.0	-120.0	-1282000.0	-516500.0	109700.0	-338700.0	54960.0	-507000.0
85.0	2.4	1997.75639	43.063236	12.85134	3.724	20.0	30.0	-110.0	-3725000.0	-4342000.0	-1102000.0	-4330000.0	275400.0	6801000.0
86.0	3.3	1997.756417	43.045744	12.8741	2.717	120.0	55.0	-100.0	-2534000.0	-676700.0	976300.0	-253300.0	-991000.0	759800.0
87.0	2.9	1997.756453	42.94327	12.934627	3.977	55.0	65.0	-150.0	-40070.0	47990.0	-2353.0	41720.0	5209.0	-33190.0
88.0	3.1	1997.756523	43.023747	12.872102	2.879	175.0	70.0	-30.0	-567500.0	161500.0	172800.0	321500.0	129500.0	-490800.0
89.0	2.4	1997.756765	42.999296	12.867388	1.162	140.0	50.0	-120.0	-31000.0	94730.0	-42050.0	120700.0	42730.0	-56880.0
90.0	3.2	1997.756799	42.943205	12.924173	4.869	125.0	65.0	-70.0	-123500.0	42510.0	68.21	56930.0	541.4	-22800.0
91.0	2.4	1997.756892	43.095353	12.86212	2.462	185.0	70.0	-40.0	-1321000.0	-370100.0	-84030.0	-678400.0	-118200.0	329500.0
92.0	2.4	1997.756915	43.047685	12.893922	1.619	50.0	65.0	50.0	-127100.0	267600.0	752500.0	914100.0	-1201000.0	-151900.0
93.0	3.2	1997.756938	43.006653	12.916822	3.703	110.0	65.0	-140.0	-486500.0	-855600.0	-108500.0	-464400.0	-944600.0	3426000.0
94.0	3.0	1997.75704	42.982027	12.907213	2.835	130.0	70.0	-80.0	-79960.0	121400.0	72140.0	194400.0	135600.0	-91550.0
95.0	2.4	1997.757052	43.058248	12.898631	2.18	330.0	85.0	10.0	-107800.0	287500.0	117900.0	-331600.0	30030.0	-1136000.0
96.0	2.4	1997.757122	43.012931	12.917717	2.564	120.0	65.0	-130.0	176700.0	238900.0	-199900.0	279700.0	-407100.0	1197000.0
97.0	2.4	1997.757124	43.038652	12.864344	4.551	70.0	50.0	-150.0	-4427000.0	-1850000.0	881100.0	-1969000.0	313400.0	912200.0
98.0	2.9	1997.757413	43.033956	12.898499	4.345	70.0	60.0	-140.0	660600.0	535700.0	105500.0	713800.0	-87670.0	-1266000.0
99.0	3.5	1997.757442	42.944283	12.933971	4.321	220.0	85.0	170.0	-60180.0	57960.0	2061.0	53000.0	4581.0	-44050.0
100.0	4.6	1997.757497	42.946082	12.938757	3.909	125.0	49.0	-99.0	-16630.0	49190.0	8028.0	42930.0	4041.0	-44110.0
101.0	3.1	1997.757531	42.944861	12.938849	3.669	125.0	55.0	-60.0	-616.9	44460.0	10740.0	40330.0	5057.0	-39170.0
102.0	2.4	1997.757733	43.02231	12.852582	5.014	170.0	65.0	-60.0	-2348000.0	-656900.0	534300.0	-69630.0	153200.0	-595300.0
103.0	3.5	1997.757837	43.058256	12.893706	2.025	100.0	50.0	-70.0	299200.0	194000.0	138800.0	-169600.0	-877000.0	-348900.0
104.0	3.3	1997.757888	43.044442	12.921076	1.807	120.0	35.0	-90.0	114700.0	346700.0	-16950.0	79000.0	-76900.0	-411300.0
105.0	2.4	1997.757911	43.077653	12.874496	1.576	140.0	30.0	-50.0	-696000.0	-1492000.0	-2246000.0	-924000.0	-694800.0	6134000.0
106.0	3.6	1997.758369	42.978381	12.942683	1.473	90.0	45.0	-140.0	41990.0	-1697.0	78640.0	58090.0	-121500.0	64150.0
107.0	3.0	1997.758508	43.049479	12.909204	1.383	150.0	70.0	-40.0	116200.0	178100.0	-20490.0	429200.0	-323000.0	-472700.0
108.0	3.2	1997.758558	43.028845	12.870156	3.486	175.0	40.0	-40.0	-1026000.0	250100.0	415600.0	537800.0	57130.0	-844900.0
109.0	3.4	1997.759164	42.960738	12.920667	2.932	120.0	50.0	-110.0	-12200.0	84960.0	35610.0	75790.0	35150.0	-80010.0
110.0	3.6	1997.759354	42.963822	12.919023	3.042	145.0	70.0	-70.0	-29860.0	109000.0	47850.0	107100.0	39090.0	-106100.0
111.0	3.1	1997.759413	43.005021	12.941776	1.458	120.0	50.0	-120.0	65600.0	64230.0	61330.0	281300.0	-360000.0	-127300.0
112.0	3.5	1997.75948	43.049487	12.900343	2.753	130.0	60.0	-30.0	1029000.0	1254000.0	255100.0	287900.0	252200.0	-2113000.0
113.0	3.2	1997.759915	42.990308	12.876304	2.204	140.0	40.0	-80.0	-140000.0	45030.0	-40030.0	47790.0	2633.0	-189200.0
114.0	3.6	1997.760168	43.026237	12.940593	1.814	135.0	35.0	-90.0	256000.0	425100.0	165800.0	122700.0	-214500.0	-866400.0
115.0	2.4	1997.760843	43.011861	12.875308	2.506	280.0	70.0	-150.0	-237700.0	179400.0	44890.0	175300.0	178300.0	-242300.0
116.0	2.4	1997.760868	43.075224	12.808202	4.326	45.0	45.0	-90.0	-411000.0	-142800.0	26660.0	-939100.0	202800.0	-1405000.0
117.0	2.9	1997.761117	42.991296	12.885688	1.852	155.0	70.0	-30.0	-68310.0	85140.0	6889.0	103900.0	104600.0	-155600.0
118.0	3.3	1997.761529	43.026855	12.874515	2.358	155.0	35.0	-60.0	-500600.0	83900.0	236100.0	332100.0	66500.0	-418500.0
119.0	3.1	1997.761623	43.02179	12.911638	2.782	180.0	50.0	-60.0	565600.0	451000.0	-730100.0	161900.0	-102900.0	1400000.0
120.0	2.4	1997.76163	42.989937	12.899627	2.312	90.0	50.0	-150.0	-71360.0	102000.0	55100.0	156900.0	157800.0	-131300.0
121.0	3.2	1997.761828	43.028223	12.873578	2.41	170.0	35.0	-40.0	-500600.0	83900.0	236100.0	332100.0	66500.0	-418500.0
122.0	3.2	1997.762136	43.046415	12.894139	2.571	320.0	90.0	30.0	163800.0	877200.0	499800.0	1406000.0	-744500.0	-1990000.0
123.0	3.0	1997.762391	43.021948	12.875458	2.344	155.0	55.0	-40.0	-355300.0	150900.0	134100.0	333000.0	142600.0	-350300.0
124.0	2.4	1997.762946	43.01143	12.845218	1.435	90.0	75.0	-150.0	-212600.0	-24690.0	-125600.0	101200.0	-44820.0	-69420.0
125.0	2.4	1997.763001	43.048901	12.892361	2.663	50.0	55.0	-130.0	-3082000.0	-2834000.0	-486200.0	-3621000.0	-944500.0	5002000.0
126.0	2.9	1997.763653	43.02817	12.869254	2.928	165.0	50.0	-80.0	-728800.0	55880.0	219200.0	307700.0	69640.0	-537400.0
127.0	5.4	1997.763792	43.022693	12.848636	5.511	170.0	40.0	-80.0	-1505000.0	-537700.0	770100.0	-247000.0	362400.0	-562400.0
128.0	3.3	1997.763832	43.021761	12.86756	3.672	115.0	65.0	-80.0	-1066000.0	224900.0	178200.0	358800.0	119400.0	-674500.0
129.0	2.4	1997.763895	42.972319	12.870561	3.832	190.0	65.0	-30.0	-273400.0	-143900.0	-48990.0	-116800.0	-80720.0	-18570.0
130.0	2.4	1997.763935	43.022005	12.872354	2.466	140.0	60.0	-80.0	-439200.0	126600.0	140200.0	281200.0	134300.0	-383200.0
131.0	2.4	1997.763959	43.023881	12.886703	1.743	315.0	75.0	-160.0	-70300.0	98800.0	24940.0	209000.0	185800.0	-130900.0
132.0	2.4	1997.763984	43.021781	12.866017	3.387	100.0	50.0	-110.0	-848500.0	148200.0	141400.0	314400.0	101800.0	-593800.0
133.0	2.4	1997.763988	43.018595	12.849756	5.599	160.0	80.0	-50.0	-1204000.0	-282700.0	630300.0	-74170.0	263600.0	-329600.0
134.0	2.4	1997.76399	43.026318	12.871014	2.498	180.0	55.0	-30.0	-500600.0	83900.0	236100.0	332100.0	66500.0	-418500.0
135.0	3.1	1997.764009	42.982157	12.861485	5.219	130.0	50.0	-120.0	-304900.0	-219200.0	83130.0	-374000.0	-11670.0	8143.0
136.0	4.2	1997.76402	43.033228	12.852223	4.33	126.0	26.0	-102.0	-3047000.0	-1238000.0	337500.0	-1117000.0	47520.0	-1817000.0
137.0	3.2	1997.764085	43.016956	12.867188	3.995	105.0	60.0	-100.0	-811800.0	334500.0	161400.0	71720.0	43420.0	-449200.0
138.0	2.4	1997.764127	43.01248	12.832683	6.232	335.0	45.0	-150.0	-404700.0	-132300.0	372500.0	-122400.0	228900.0	-185600.0
139.0	3.6	1997.764163	43.02238	12.866463	4.469	5.0	90.0	20.0	-1429000.0	481800.0	383000.0	411200.0	133600.0	-884400.0
140.0	3.3	1997.764205	43.014315	12.875246	2.126	25.0	30.0	90.0	-181500.0	152400.0	29850.0	161600.0	190300.0	-185400.0
141.0	3.3	1997.76426	43.00887	12.874098	2.493	160.0	55.0	-30.0	-256100.0	152100.0	11720.0	120700.0	103600.0	-224200.0
142.0	3.0	1997.764277	43.065776	12.888767	1.367	80.0	70.0	-150.0	294200.0	622800.0	-399000.0	885900.0	-1359000.0	1271000.0
143.0	3.7	1997.764364	43.008403	12.872388	2.792	180.0	65.0	-40.0	-314100.0	168300.0	33250.0	80370.0	64310.0	-285100.0
144.0	3.6	1997.764417	43.078398	12.857999	3.391	5.0	15.0	-90.0	-1773000.0	-1966000.0	-1264000.0	-2188000.0	-227500.0	3875000.0
145.0	4.4	1997.764448	43.031209	12.861647	3.161	141.0	42.0	-77.0	-1137000.0	-114000.0	273100.0	215000.0	135.2	-732400.0
146.0	3.2	1997.764457	43.028902	12.871801	1.864	80.0	70.0	-180.0	-411600.0	47690.0	313100.0	273300.0	5587.0	-318500.0
147.0	2.4	1997.764537	43.021928	12.863333	4.679	155.0	35.0	-80.0	-2133000.0	274400.0	374800.0	367300.0	152400.0	-920600.0
148.0	2.4	1997.764539	43.006763	12.822498	7.102	180.0	55.0	-30.0	-196000.0	-77050.0	259800.0	-78360.0	184600.0	-152700.0
149.0	3.0	1997.764756	43.030607	12.864086	3.02	165.0	45.0	-70.0	-1137000.0	-114000.0	273100.0	215000.0	135.2	-732400.0
150.0	2.4	1997.765547	42.98208	12.894404	2.628	130.0	60.0	-130.0	-161100.0	40940.0	-47580.0	124500.0	24710.0	-216600.0
151.0	2.4	1997.765807	43.001156	12.931566	0.916	290.0	70.0	-150.0	-46670.0	-8373.0	78010.0	-63180.0	-165800.0	12690.0
152.0	2.4	1997.76598	42.985958	12.904571	2.757	115.0	70.0	-120.0	-110100.0	93990.0	36610.0	203300.0	125300.0	-151500.0
153.0	2.4	1997.766068	43.019287	12.885032	1.695	260.0	65.0	-170.0	-75260.0	109900.0	781.6	167900.0	241900.0	-91760.0
154.0	2.4	1997.766113	43.042415	12.829709	4.502	70.0	50.0	170.0	-1336000.0	-1185000.0	7129.0	-1713000.0	-168000.0	-674200.0
155.0	3.7	1997.766134	42.993144	12.886169	2.242	140.0	50.0	-80.0	-99440.0	87310.0	6615.0	103000.0	96420.0	-210500.0
156.0	3.3	1997.766146	42.995076	12.866153	1.384	125.0	50.0	-110.0	-27500.0	85600.0	-44070.0	114100.0	26560.0	-49570.0
157.0	2.4	1997.766178	43.016215	12.865338	4.407	175.0	65.0	-40.0	-837800.0	410300.0	247800.0	-30670.0	25940.0	-475800.0
158.0	2.4	1997.766307	42.988704	12.879134	3.627	115.0	60.0	-70.0	-280600.0	-118500.0	-90690.0	-132400.0	-159800.0	-227900.0
159.0	2.4	1997.766321	43.004374	12.842605	1.721	180.0	85.0	10.0	-182100.0	-12750.0	-117200.0	91160.0	-49980.0	-26870.0
160.0	2.4	1997.766465	43.036922	12.889485	1.786	15.0	85.0	10.0	-6217.0	123600.0	340400.0	382800.0	-298700.0	-485600.0
161.0	2.9	1997.766497	43.012016	12.872539	2.721	180.0	70.0	-40.0	-367300.0	190900.0	45260.0	148400.0	97230.0	-293900.0
162.0	2.9	1997.766712	42.982312	12.874745	4.586	105.0	50.0	-110.0	-350600.0	-233100.0	-40660.0	-313300.0	-145700.0	-89100.0
163.0	3.1	1997.766933	43.004749	12.834827	6.162	180.0	50.0	-50.0	-437400.0	-141600.0	271800.0	-173800.0	155900.0	-65490.0
164.0	2.4	1997.766952	43.005827	12.835351	6.091	175.0	50.0	-50.0	-437400.0	-141600.0	271800.0	-173800.0	155900.0	-65490.0
165.0	2.9	1997.767102	43.002246	12.881519	2.619	60.0	65.0	10.0	-142500.0	117300.0	27150.0	66810.0	49810.0	-271300.0
166.0	2.4	1997.767108	42.993001	12.890761	2.073	100.0	85.0	-130.0	-56370.0	99760.0	39260.0	108300.0	144800.0	-134700.0
167.0	2.4	1997.76721	43.018091	12.861902	5.018	175.0	55.0	-40.0	-1344000.0	418200.0	483300.0	116700.0	82900.0	-606800.0
168.0	2.4	1997.76726	43.030098	12.856354	4.866	15.0	75.0	30.0	-4037000.0	-1548000.0	407400.0	-1218000.0	-174800.0	-1512000.0
169.0	3.7	1997.767372	42.965629	12.86696	3.931	280.0	50.0	-160.0	-246300.0	-120800.0	-43300.0	-68800.0	-56720.0	2523.0
170.0	3.0	1997.767439	42.983488	12.879447	3.28	155.0	50.0	-50.0	-228700.0	-63270.0	-90970.0	-24550.0	-102900.0	-180700.0
171.0	3.0	1997.767572	43.002799	12.884321	0.761	150.0	65.0	-40.0	36830.0	109800.0	9279.0	77750.0	128400.0	-30630.0
172.0	2.4	1997.767653	42.987423	12.832572	1.495	160.0	65.0	-40.0	-126100.0	-36680.0	-74710.0	38620.0	-59820.0	16880.0
173.0	2.4	1997.768001	42.996602	12.880417	3.238	120.0	65.0	-70.0	-217600.0	-4427.0	-42280.0	-75240.0	-101700.0	-290500.0
174.0	2.4	1997.768376	43.025057	12.864511	3.74	355.0	30.0	-80.0	-1227000.0	70580.0	33480.0	287800.0	64910.0	-667700.0
175.0	2.4	1997.768431	43.018486	12.873906	2.89	200.0	85.0	-20.0	-479500.0	195600.0	99390.0	280100.0	139800.0	-386800.0
176.0	3.0	1997.76856	43.026029	12.865882	4.299	110.0	45.0	-120.0	-2043000.0	385400.0	661300.0	630400.0	146600.0	-1327000.0
177.0	2.4	1997.768771	42.994409	12.880225	3.339	150.0	55.0	-50.0	-217600.0	-4427.0	-42280.0	-75240.0	-101700.0	-290500.0
178.0	3.0	1997.768844	43.055497	12.795832	8.814	75.0	75.0	-160.0	86800.0	93350.0	35490.0	123200.0	40410.0	-260300.0
179.0	3.0	1997.769028	42.985681	12.889334	2.293	110.0	55.0	-110.0	-114900.0	45420.0	-34430.0	108500.0	33610.0	-180800.0
180.0	2.4	1997.769241	42.970174	12.868784	5.114	115.0	45.0	-70.0	-308100.0	-195500.0	45700.0	-191000.0	-5557.0	14310.0
181.0	3.2	1997.769766	43.02006	12.873259	2.021	45.0	45.0	-40.0	-285500.0	122500.0	66390.0	208100.0	156500.0	-264500.0
182.0	3.3	1997.769965	43.029631	12.885601	1.63	165.0	70.0	-10.0	-83270.0	87000.0	163300.0	271900.0	6569.0	-276000.0
183.0	3.3	1997.769979	42.971228	12.86951	4.963	110.0	45.0	-70.0	-311400.0	-201800.0	4556.0	-201600.0	-49090.0	14370.0
184.0	2.9	1997.77014	42.998177	12.880143	2.18	120.0	65.0	-140.0	-106600.0	99880.0	-7921.0	86760.0	82920.0	-158800.0
185.0	2.9	1997.77019	43.029154	12.885757	1.636	5.0	75.0	30.0	-83270.0	87000.0	163300.0	271900.0	6569.0	-276000.0
186.0	2.4	1997.770203	43.04502	12.877004	2.344	355.0	85.0	-10.0	-1041000.0	125400.0	890700.0	658300.0	-827800.0	340300.0
187.0	2.4	1997.770296	43.045251	12.876833	2.232	75.0	70.0	-170.0	-1041000.0	125400.0	890700.0	658300.0	-827800.0	340300.0
188.0	2.9	1997.770445	42.997123	12.879296	1.996	150.0	50.0	-70.0	-106600.0	99880.0	-7921.0	86760.0	82920.0	-158800.0
189.0	3.3	1997.771043	43.023344	12.862528	4.427	155.0	35.0	-70.0	-1919000.0	165900.0	209400.0	354800.0	119900.0	-856300.0
190.0	2.4	1997.771142	43.012533	12.875738	2.412	160.0	55.0	-90.0	-237700.0	179400.0	44890.0	175300.0	178300.0	-242300.0
191.0	3.4	1997.771393	42.99821	12.878545	2.137	280.0	90.0	160.0	-106600.0	99880.0	-7921.0	86760.0	82920.0	-158800.0
192.0	2.4	1997.771574	42.971281	12.868693	5.13	115.0	35.0	-100.0	-325100.0	-223000.0	41520.0	-240700.0	-15080.0	8363.0
193.0	3.2	1997.771602	43.007011	12.82954	6.649	320.0	60.0	-110.0	-272300.0	-97300.0	291300.0	-102500.0	193000.0	-150200.0
194.0	2.4	1997.771696	42.996387	12.874551	1.982	15.0	85.0	10.0	-114500.0	70470.0	-39600.0	76350.0	22310.0	-124200.0
195.0	2.4	1997.772085	43.053422	12.888091	1.848	105.0	70.0	170.0	-1376000.0	-232100.0	796000.0	840200.0	-1032000.0	1780000.0
196.0	2.4	1997.77222	43.020174	12.861027	4.659	110.0	45.0	-100.0	-1538000.0	336600.0	316100.0	137200.0	92500.0	-616900.0
197.0	2.4	1997.772648	42.991048	12.880515	3.509	120.0	55.0	-80.0	-268500.0	-97600.0	-71470.0	-159500.0	-164700.0	-274000.0
198.0	3.0	1997.772988	43.037199	12.875334	2.711	105.0	85.0	-180.0	-1331000.0	-47380.0	803500.0	800100.0	-679800.0	-614300.0
199.0	3.1	1997.773007	42.994364	12.833366	6.554	165.0	30.0	-30.0	-278300.0	-99880.0	187800.0	-163200.0	114800.0	-45200.0
200.0	2.4	1997.77303	43.025732	12.884929	1.593	345.0	30.0	-130.0	-86510.0	86680.0	71110.0	218500.0	122000.0	-210300.0
201.0	2.4	1997.773931	42.994226	12.820693	7.339	335.0	35.0	-120.0	-173400.0	-86340.0	165400.0	-94700.0	117200.0	-51770.0
202.0	2.9	1997.774576	43.022689	12.87266	1.897	30.0	45.0	-50.0	-315800.0	101600.0	121200.0	245000.0	129900.0	-286700.0
203.0	3.6	1997.774599	43.003259	12.884646	2.274	150.0	60.0	-120.0	-118700.0	125100.0	19920.0	107300.0	112600.0	-203200.0
204.0	3.4	1997.775413	42.965959	12.893047	4.788	190.0	75.0	-30.0	-430100.0	-187400.0	-64960.0	-103200.0	-102400.0	-96790.0
205.0	2.4	1997.775523	43.001701	12.927495	5.177	130.0	65.0	-40.0	-608200.0	-982800.0	-177500.0	-1990000.0	785100.0	-67150.0
206.0	2.9	1997.775527	43.00107	12.827407	7.124	150.0	30.0	-60.0	-186500.0	-56680.0	222800.0	-86350.0	154200.0	-113400.0
207.0	2.4	1997.775546	43.024788	12.823996	7.776	105.0	55.0	-140.0	-27160.0	39300.0	284700.0	39760.0	217900.0	-408600.0
208.0	2.4	1997.776496	42.925232	12.954776	4.65	155.0	65.0	-70.0	-8827.0	22320.0	4041.0	15830.0	298.0	-4963.0
209.0	2.9	1997.77701	43.098873	12.801293	3.584	140.0	30.0	-90.0	377700.0	55800.0	-70200.0	189400.0	740300.0	124500.0
210.0	2.4	1997.777171	42.958708	12.868492	4.469	175.0	50.0	-30.0	-237700.0	-115100.0	-19230.0	-56010.0	-32840.0	15050.0
211.0	2.4	1997.777496	43.036039	12.818653	6.332	45.0	20.0	160.0	-277500.0	-256400.0	554500.0	-379900.0	573600.0	-536900.0
212.0	2.4	1997.777966	43.0144	12.800515	7.8	45.0	20.0	170.0	-109000.0	-106400.0	193100.0	-115600.0	183500.0	-117100.0
213.0	2.4	1997.778403	43.055339	12.920657	2.001	85.0	60.0	-130.0	113800.0	357600.0	62800.0	-418400.0	30480.0	-343600.0
214.0	2.4	1997.778439	43.026038	12.864977	4.304	120.0	40.0	-90.0	-2043000.0	385400.0	661300.0	630400.0	146600.0	-1327000.0
215.0	2.4	1997.778466	42.993319	12.889181	3.2	75.0	55.0	-140.0	-182300.0	-4403.0	-37380.0	32790.0	-46040.0	-354700.0
216.0	2.4	1997.778554	42.993233	12.878336	2.541	130.0	60.0	-60.0	-133800.0	65110.0	-32330.0	66370.0	11750.0	-186200.0
217.0	5.1	1997.77882	42.924133	12.951787	4.831	154.0	51.0	-82.0	-8827.0	22320.0	4041.0	15830.0	298.0	-4963.0
218.0	3.2	1997.778934	42.936243	12.931109	5.248	145.0	45.0	-100.0	-72940.0	41850.0	15900.0	39760.0	834.7	-8718.0
219.0	3.0	1997.779565	42.985954	12.878322	3.548	155.0	55.0	-50.0	-280600.0	-118500.0	-90690.0	-132400.0	-159800.0	-227900.0
220.0	2.4	1997.780037	43.09694	12.831706	4.25	335.0	75.0	-10.0	-2102000.0	-1086000.0	-211000.0	-1983000.0	-23090.0	-1367000.0
221.0	3.2	1997.780265	42.961995	12.918211	5.297	150.0	65.0	-10.0	-535900.0	-193800.0	-34570.0	-87840.0	-44210.0	-298800.0
222.0	2.9	1997.780624	42.961662	12.918412	5.38	275.0	65.0	-160.0	-535900.0	-193800.0	-34570.0	-87840.0	-44210.0	-298800.0
223.0	3.6	1997.780679	42.97122	12.935564	2.127	120.0	55.0	-120.0	48760.0	16280.0	127700.0	28260.0	-65190.0	75620.0
224.0	2.4	1997.780753	42.901066	12.962048	5.654	120.0	40.0	-90.0	-7095.0	12740.0	2345.0	8076.0	-556.3	-76.18
225.0	2.4	1997.781443	42.959827	12.917662	5.021	150.0	60.0	-20.0	-479400.0	-111500.0	-33350.0	71740.0	-23880.0	-173500.0
226.0	2.4	1997.782175	43.088037	12.840879	2.576	90.0	50.0	-130.0	1115000.0	429900.0	-952500.0	-3005.0	-107700.0	-383000.0
227.0	3.4	1997.782413	43.033752	12.818029	7.953	185.0	80.0	-40.0	60060.0	93710.0	187300.0	97950.0	152200.0	-409300.0
228.0	2.4	1997.782493	43.081165	12.803805	3.967	125.0	40.0	-120.0	6051.0	56450.0	4207.0	-379500.0	98940.0	-939000.0
229.0	3.5	1997.782731	42.971139	12.872338	4.967	120.0	50.0	-90.0	-336200.0	-199000.0	-5843.0	-173500.0	-52750.0	-10890.0
230.0	3.3	1997.782978	42.970626	12.873211	5.084	125.0	65.0	-90.0	-342500.0	-221800.0	34530.0	-204500.0	-16350.0	4260.0
231.0	3.4	1997.783927	43.073665	12.795113	4.784	100.0	60.0	-100.0	-445400.0	-363600.0	-3055.0	-1492000.0	-20410.0	-590600.0
232.0	2.4	1997.784198	43.092216	12.839621	4.19	175.0	55.0	-150.0	-1078000.0	-265100.0	327600.0	-1246000.0	173700.0	-2534000.0
233.0	5.5	1997.78478	42.929281	12.9296	5.975	122.0	38.0	-100.0	-57540.0	34740.0	24250.0	30460.0	-1502.0	-12460.0
234.0	3.3	1997.784835	42.94797	12.922992	2.904	85.0	40.0	-50.0	1151000.0	1195000.0	37580.0	2053000.0	-395000.0	-2168000.0
235.0	2.9	1997.784965	42.957056	12.914264	2.565	175.0	60.0	-40.0	253800.0	119500.0	-74430.0	97920.0	152400.0	-305600.0
236.0	3.2	1997.785347	42.990702	12.884831	1.886	130.0	55.0	-60.0	114600.0	107600.0	-7776.0	149100.0	85730.0	-168100.0
237.0	3.3	1997.785368	42.953068	12.932407	2.349	155.0	85.0	-40.0	-31410.0	79160.0	2364.0	143600.0	53020.0	-141900.0
238.0	2.4	1997.785738	43.079305	12.821251	5.681	80.0	40.0	150.0	391200.0	106300.0	-143100.0	172000.0	192000.0	-349800.0
239.0	2.9	1997.786592	42.953552	12.901568	2.482	135.0	60.0	-60.0	-558800.0	-1044000.0	-927600.0	-910000.0	-435300.0	2168000.0
240.0	2.4	1997.786619	42.973063	12.865881	5.489	140.0	60.0	-70.0	10950.0	76080.0	-17320.0	129400.0	19730.0	-81920.0
241.0	3.0	1997.786868	42.969116	12.867003	5.054	125.0	60.0	-80.0	-252100.0	-188000.0	92830.0	-197500.0	31040.0	13140.0
242.0	2.4	1997.788087	42.99373	12.887284	2.532	155.0	50.0	-70.0	-273200.0	-179900.0	56330.0	-154000.0	-6151.0	15930.0
243.0	2.4	1997.788282	42.960889	12.912092	5.61	280.0	70.0	-160.0	-57340.0	95330.0	22970.0	137900.0	83900.0	-204100.0
244.0	3.2	1997.78829	43.017049	12.864693	4.402	175.0	70.0	-50.0	-416100.0	-122300.0	55870.0	133700.0	9756.0	-253700.0
245.0	2.4	1997.788575	42.983997	12.905001	2.39	105.0	80.0	-120.0	-1086000.0	262500.0	198000.0	24180.0	24430.0	-397000.0
246.0	2.4	1997.788826	42.925085	12.948853	4.911	160.0	50.0	-70.0	-1086.0	129200.0	85870.0	208800.0	131500.0	-100900.0
247.0	4.5	1997.78987	43.041109	12.892094	0.942	287.0	80.0	175.0	-3913000.0	-2601000.0	-875900.0	-1901000.0	-775600.0	5059000.0
248.0	2.4	1997.789946	43.039286	12.890832	1.171	25.0	70.0	20.0	34620.0	-55800.0	419100.0	-1386.0	-324300.0	-156100.0
249.0	2.4	1997.789969	43.039827	12.89059	1.351	105.0	85.0	150.0	56070.0	48140.0	330800.0	197700.0	-245600.0	-299400.0
250.0	3.0	1997.790106	43.069515	12.886355	0.768	70.0	70.0	-170.0	56070.0	48140.0	330800.0	197700.0	-245600.0	-299400.0
251.0	2.4	1997.790397	42.946549	12.914473	4.406	155.0	55.0	-70.0	-384100.0	527800.0	-668700.0	-88290.0	-1341000.0	1077000.0
252.0	2.4	1997.791138	42.97347	12.856723	6.0	65.0	45.0	-130.0	60230.0	178800.0	2977.0	91390.0	118400.0	-311900.0
253.0	2.4	1997.791237	43.0724	12.885052	1.548	65.0	85.0	-170.0	-203900.0	-139100.0	113000.0	-151400.0	58130.0	10620.0
254.0	2.4	1997.791594	42.978959	12.935208	2.445	105.0	70.0	-130.0	-122700.0	250400.0	-878800.0	45310.0	-836700.0	159100.0
255.0	2.4	1997.791773	43.040519	12.89153	1.935	5.0	90.0	30.0	105600.0	122400.0	174000.0	147200.0	-157800.0	151700.0
256.0	3.3	1997.792627	42.999638	12.882042	2.879	155.0	60.0	-50.0	-262600.0	278800.0	625600.0	705400.0	-600200.0	-879300.0
257.0	3.0	1997.792847	42.957137	12.896554	2.124	135.0	65.0	-60.0	-113800.0	84320.0	7505.0	72130.0	10330.0	-275200.0
258.0	2.4	1997.793169	43.032963	12.8523	4.519	175.0	65.0	-40.0	8820.0	61490.0	-19850.0	141700.0	7913.0	-62500.0
259.0	2.4	1997.793382	42.982076	12.879023	3.582	140.0	55.0	-80.0	-3033000.0	-1233000.0	344000.0	-1105000.0	43650.0	-1812000.0
260.0	3.1	1997.793397	42.981356	12.880279	3.626	135.0	65.0	-70.0	-244800.0	-108100.0	-86180.0	-43630.0	-136200.0	-148100.0
261.0	3.1	1997.793418	42.981083	12.880921	3.652	145.0	45.0	-70.0	-244800.0	-108100.0	-86180.0	-43630.0	-136200.0	-148100.0
262.0	2.4	1997.79369	43.033207	12.890207	1.63	160.0	40.0	-70.0	-244800.0	-108100.0	-86180.0	-43630.0	-136200.0	-148100.0
263.0	3.3	1997.794182	43.044922	12.916335	2.323	140.0	50.0	-60.0	8325.0	103600.0	181900.0	319100.0	-124400.0	-365300.0
264.0	2.9	1997.794878	43.043001	12.815702	6.31	80.0	30.0	-180.0	160800.0	488400.0	52000.0	46240.0	-110400.0	-610600.0
265.0	2.4	1997.795254	42.985815	12.911952	2.248	115.0	50.0	-80.0	-154400.0	-148100.0	609100.0	-331600.0	684200.0	-767200.0
266.0	2.4	1997.795272	43.046358	12.893284	3.521	90.0	55.0	-130.0	63120.0	142500.0	169700.0	190000.0	133500.0	75600.0
267.0	2.4	1997.795872	42.987032	12.880372	2.979	160.0	55.0	-40.0	2950000.0	1764000.0	-233600.0	659400.0	397100.0	-3328000.0
268.0	2.4	1997.795969	42.985103	12.883504	4.251	95.0	55.0	-80.0	-142800.0	2628.0	-50730.0	50610.0	-66340.0	-192800.0
269.0	3.0	1997.79603	43.009444	12.831071	6.447	115.0	30.0	-120.0	-416900.0	-274600.0	-87450.0	-256700.0	-211200.0	-221700.0
270.0	2.4	1997.796418	43.046623	12.892866	1.624	300.0	60.0	-180.0	-383100.0	-121300.0	328400.0	-121900.0	181400.0	-145700.0
271.0	3.0	1997.796426	43.046505	12.892158	1.69	35.0	90.0	20.0	-54690.0	271000.0	870000.0	614600.0	-827900.0	-397500.0
272.0	2.4	1997.796462	43.046574	12.892589	1.674	55.0	45.0	30.0	-54690.0	271000.0	870000.0	614600.0	-827900.0	-397500.0
273.0	2.4	1997.796692	43.051506	12.802037	7.696	110.0	55.0	-80.0	-54690.0	271000.0	870000.0	614600.0	-827900.0	-397500.0
274.0	3.5	1997.797021	42.996073	12.880683	3.199	160.0	60.0	-50.0	109300.0	93380.0	181700.0	62470.0	248700.0	-485800.0
275.0	3.2	1997.797178	43.042794	12.947028	0.731	105.0	70.0	-130.0	-158100.0	7824.0	-29890.0	5202.0	-92580.0	-322500.0
276.0	3.5	1997.797268	42.957296	12.908608	2.738	160.0	40.0	-50.0	65520.0	110600.0	7025.0	325600.0	42850.0	-46020.0
277.0	2.4	1997.797625	42.983545	12.884128	3.966	85.0	55.0	-90.0	45110.0	106900.0	-19140.0	139900.0	53790.0	-172400.0
278.0	3.0	1997.797739	42.984237	12.886294	3.926	100.0	50.0	-80.0	-341900.0	-180700.0	-97650.0	-129200.0	-189400.0	-249800.0
279.0	3.0	1997.797764	42.98752	12.885464	2.64	150.0	45.0	-70.0	-370100.0	-165300.0	-118300.0	-49170.0	-183300.0	-314000.0
280.0	2.4	1997.797975	42.987284	12.885542	2.511	165.0	40.0	-50.0	-126100.0	17020.0	-45200.0	97580.0	-46360.0	-221000.0
281.0	2.4	1997.798454	42.984802	12.88036	3.951	125.0	45.0	-80.0	-77220.0	46850.0	-27430.0	124800.0	3042.0	-176800.0
282.0	4.1	1997.79854	42.976147	12.86091	5.568	128.0	44.0	-103.0	-304400.0	-177100.0	-74870.0	-166700.0	-177500.0	-175400.0
283.0	2.4	1997.799504	43.101701	12.788401	5.457	335.0	50.0	-120.0	-240300.0	-171400.0	105800.0	-224200.0	41030.0	18510.0
284.0	2.4	1997.799878	43.025171	12.861463	4.592	125.0	35.0	-100.0	206600.0	334900.0	25530.0	169000.0	124100.0	-551300.0
285.0	2.4	1997.799882	42.885604	13.012467	4.571	280.0	90.0	160.0	-2614000.0	-110400.0	348000.0	467900.0	88010.0	-1355000.0
286.0	2.4	1997.799949	43.028422	12.864843	4.005	165.0	45.0	-30.0	272200.0	132400.0	254100.0	177700.0	12360.0	-197400.0
287.0	3.0	1997.799964	42.995585	12.921635	2.409	40.0	70.0	70.0	-1696000.0	208300.0	446300.0	518900.0	86820.0	-1043000.0
288.0	2.4	1997.800144	42.996655	12.880527	2.49	155.0	45.0	-60.0	110800.0	95390.0	197700.0	227800.0	-177200.0	549600.0
289.0	3.6	1997.800154	42.98184	12.886172	2.761	120.0	50.0	-80.0	-112200.0	93430.0	2267.0	94030.0	33660.0	-208600.0
290.0	3.4	1997.800646	42.982959	12.882549	3.644	100.0	50.0	-100.0	-123700.0	26450.0	-48340.0	131700.0	-21250.0	-204100.0
291.0	2.9	1997.801515	43.035897	12.873211	2.113	60.0	40.0	140.0	-262400.0	-102500.0	-94460.0	-24270.0	-149400.0	-248600.0
292.0	2.4	1997.801745	42.893091	13.004542	5.094	125.0	50.0	-110.0	-476900.0	21880.0	442000.0	278400.0	-94170.0	-300500.0
293.0	2.9	1997.802122	42.895553	12.999758	5.227	45.0	80.0	-170.0	-1714000.0	-757900.0	-32150.0	-526700.0	-278900.0	346200.0
294.0	2.4	1997.802255	42.95424	12.879335	6.152	85.0	35.0	-110.0	-2115000.0	-1163000.0	16560.0	-968400.0	-297200.0	487200.0
295.0	3.0	1997.803299	43.097253	12.80718	5.883	45.0	55.0	-110.0	-211700.0	-100100.0	85210.0	6975.0	45630.0	-15800.0
296.0	2.4	1997.803523	42.985771	12.888124	2.844	120.0	60.0	-90.0	-118400.0	6396.0	-16420.0	188000.0	-359000.0	1029000.0
297.0	2.4	1997.804029	43.041191	12.874336	1.641	65.0	40.0	150.0	-119200.0	30610.0	-45070.0	140400.0	-17000.0	-217700.0
298.0	3.4	1997.804196	42.997819	12.881605	2.134	150.0	55.0	-30.0	-382400.0	122000.0	691400.0	230700.0	-293700.0	-131200.0
299.0	2.4	1997.804865	43.014001	12.873877	2.565	155.0	60.0	-70.0	-37880.0	110400.0	23980.0	148500.0	104100.0	-145100.0
300.0	2.9	1997.807421	42.993026	12.895539	2.633	160.0	40.0	-20.0	-269700.0	166000.0	40440.0	192000.0	117400.0	-238400.0
301.0	2.4	1997.807531	42.9901	12.861503	3.383	160.0	40.0	-70.0	-76900.0	82940.0	41280.0	215700.0	107300.0	-185500.0
302.0	2.4	1997.809816	43.03055	12.872439	1.74	355.0	90.0	50.0	-234600.0	-38070.0	-40760.0	-68280.0	-110200.0	-79560.0
303.0	3.2	1997.809841	43.009399	12.829952	6.595	175.0	25.0	-20.0	-245700.0	60340.0	282300.0	203300.0	30920.0	-236000.0
304.0	2.4	1997.810219	43.024548	12.885796	1.811	25.0	80.0	30.0	-330700.0	-140900.0	309600.0	-114600.0	193300.0	-91150.0
305.0	2.4	1997.811185	43.009676	12.83027	6.488	120.0	30.0	-120.0	-100100.0	152500.0	41630.0	314500.0	203700.0	-175100.0
306.0	2.4	1997.81145	43.100224	12.821152	6.184	155.0	55.0	-40.0	-330700.0	-140900.0	309600.0	-114600.0	193300.0	-91150.0
307.0	2.4	1997.811615	43.03501	12.889486	1.02	20.0	90.0	10.0	-29560.0	129400.0	-241400.0	65640.0	-86470.0	-656400.0
308.0	2.4	1997.811683	43.025126	12.866103	4.502	50.0	50.0	-100.0	60910.0	23840.0	176600.0	175100.0	-108200.0	-231400.0
309.0	2.4	1997.813054	43.045044	12.826666	6.698	125.0	30.0	-40.0	-1412000.0	489700.0	391600.0	424600.0	128700.0	-877400.0
310.0	2.4	1997.81395	43.055607	12.874714	3.091	35.0	70.0	-140.0	240300.0	317700.0	385200.0	346700.0	276400.0	-1053000.0
311.0	2.4	1997.814045	42.984501	12.909358	2.427	155.0	70.0	-30.0	-5349000.0	-5330000.0	-1864000.0	-5915000.0	-578700.0	9593000.0
312.0	2.4	1997.814138	43.023905	12.877939	2.391	105.0	85.0	160.0	27810.0	137800.0	128900.0	201000.0	143000.0	-26150.0
313.0	3.2	1997.814191	43.032943	12.856779	4.52	10.0	75.0	20.0	-333500.0	158400.0	143600.0	351300.0	136900.0	-345500.0
314.0	3.1	1997.819899	42.960946	12.914323	5.694	80.0	90.0	-160.0	-3284000.0	-1140000.0	654500.0	-1099000.0	102700.0	-1330000.0
315.0	2.4	1997.820279	43.013928	12.844594	1.63	160.0	65.0	-60.0	-416100.0	-122300.0	55870.0	133700.0	9756.0	-253700.0
316.0	2.4	1997.820526	42.998405	12.869476	1.136	95.0	55.0	-120.0	-191700.0	-24540.0	-120800.0	127000.0	-49250.0	-67010.0
317.0	2.9	1997.820836	43.006567	12.937836	1.787	330.0	75.0	-140.0	6232.0	90170.0	-34160.0	163000.0	35460.0	-54270.0
318.0	3.1	1997.822234	42.959652	12.920241	4.712	120.0	45.0	-90.0	116900.0	109800.0	158100.0	289400.0	-417100.0	33330.0
319.0	2.4	1997.822791	43.013965	12.87191	2.453	130.0	55.0	-100.0	-205100.0	57290.0	-30480.0	199500.0	-13010.0	-359700.0
