# ----------------------------------------------------------------------------
# RELAX: nonlinear postseismic relaxation with Fourier-domain Green's function
#     * FFTW3 implementation of the FFT
#     * parallel OpenMP implementation with 004/040 threads
#     * export to longitude/latitude text format cancelled (--no-proj-output)
#     * export to VTK format
# ----------------------------------------------------------------------------
# grid dimension (sx1,sx2,sx3)
 1024 1024  256
# sampling (dx1,dx2,dx3), smoothing (beta, nyquist)
  4.00E-1  4.00E-1  4.00E-1  2.00E-1  1.00E+0
# origin position (x0,y0) and rotation
  0.00E+0  0.00E+0  0.00E+0
# observation depth (displacement and stress)
  0.00E+0  8.00E+0
# output directory
 ./output_coseismic (time report: ./output_coseismic/time.txt)
# lambda, mu, gamma (gamma = (1 - nu) rho g / mu)
  3.29E+10  3.45E+10  5.89E-04
# time interval, (positive time step) or (negative skip, scaling)
  2 1
# output every   1.00E+0 time unit
# number of observation planes
    0
# number of observation points
    1
# ----------------------------------------------------------------------------
# n name       x1       x2       x3 (name is a 4-character string)
# ----------------------------------------------------------------------------
001 MOMT -5.07E-1 -5.27E-1  8.00E+0
# number of stress observation segments
  448
# ----------------------------------------------------------------------------
# n        xs       ys       zs  length   width strike   dip friction
# ----------------------------------------------------------------------------
0001 -2.54E+0  4.64E+0  8.78E+0 1.45E+0 1.45E+0  130.0  87.0    0.6
0002 -1.83E+1  5.71E-1  3.70E+0 1.82E+0 1.82E+0  132.0  62.0    0.6
0003 -1.07E+1  1.02E+1  9.46E+0 1.45E+0 1.45E+0   56.0  48.0    0.6
0004 -1.94E+1  3.79E-1  6.86E+0 1.29E+0 1.29E+0   41.0  86.0    0.6
0005 -6.93E+0  4.99E+0  3.98E+0 2.04E+0 2.04E+0  320.0  87.0    0.6
0006 -1.14E+1  1.22E+1  8.70E+0 1.62E+0 1.62E+0  240.0  82.0    0.6
0007 -1.18E+1  6.92E+0  4.36E+0 1.29E+0 1.29E+0  135.0  88.0    0.6
0008 -8.40E+0  8.05E+0  7.04E+0 9.12E-1 9.12E-1   42.0  89.0    0.6
0009 -1.43E+1  1.33E-1  1.18E+1 4.57E-1 4.57E-1  124.0  76.0    0.6
0010 -6.78E+0  1.10E+1  7.30E+0 4.07E-1 4.07E-1  106.0  83.0    0.6
0011 -9.27E+0  1.06E+1  1.47E+1 5.13E-1 5.13E-1   50.0  79.0    0.6
0012 -1.12E+1  8.22E+0  4.75E+0 5.13E-1 5.13E-1  212.0  82.0    0.6
0013 -1.07E+1  8.51E+0  5.78E+0 4.57E-1 4.57E-1  322.0  75.0    0.6
0014 -6.87E+0  1.11E+1  4.75E+0 5.13E-1 5.13E-1  316.0  82.0    0.6
0015 -1.91E+0  3.26E+0  6.09E+0 1.82E+0 1.82E+0  140.0  90.0    0.6
0016 -1.14E+1  1.16E+1  1.03E+1 4.57E-1 4.57E-1   54.0  84.0    0.6
0017 -1.95E+1 -2.55E-1  5.43E+0 1.15E+0 1.15E+0   44.0  86.0    0.6
0018 -2.27E+0  3.64E+0  5.14E+0 7.24E-1 7.24E-1  234.0  90.0    0.6
0019  7.81E-1 -7.85E-1  4.49E+0 1.02E+0 1.02E+0  244.0  81.0    0.6
0020 -8.17E+0  1.03E+1  2.99E+0 1.02E+0 1.02E+0   42.0  84.0    0.6
0021 -8.91E+0  8.77E+0  8.05E+0 9.12E-1 9.12E-1  326.0  82.0    0.6
0022 -1.56E+1  4.41E+0  9.99E+0 1.02E+0 1.02E+0   38.0  82.0    0.6
0023 -1.30E+1  7.61E+0  1.88E+0 3.63E-1 3.63E-1  268.0  42.0    0.6
0024 -1.44E+1  6.01E+0  1.74E+0 5.13E-1 5.13E-1   52.0  86.0    0.6
0025 -5.19E+0  4.30E+0  4.21E+0 5.75E-1 5.75E-1  141.0  84.0    0.6
0026 -8.07E+0  1.12E+1  2.71E+0 5.75E-1 5.75E-1  232.0  85.0    0.6
0027  4.18E-2 -1.22E+0  2.77E+0 4.57E-1 4.57E-1   54.0  82.0    0.6
0028 -1.65E+1  2.75E+0  7.64E+0 7.24E-1 7.24E-1   35.0  90.0    0.6
0029 -2.26E+0  4.45E+0  6.09E+0 8.13E-1 8.13E-1  226.0  90.0    0.6
0030 -9.49E+0  1.18E+1  1.22E+1 5.75E-1 5.75E-1  226.0  81.0    0.6
0031 -1.86E+1 -1.50E-1  6.72E+0 5.75E-1 5.75E-1  136.0  82.0    0.6
0032 -7.57E+0  8.80E+0  8.81E+0 4.07E-1 4.07E-1   61.0  72.0    0.6
0033 -1.37E+1  5.27E+0  5.78E+0 5.13E-1 5.13E-1  280.0  61.0    0.6
0034 -1.92E+1  1.23E+0  5.21E+0 5.75E-1 5.75E-1   42.0  88.0    0.6
0035 -3.43E+0  4.68E+0  4.97E+0 5.13E+0 5.13E+0  314.0  81.0    0.6
0036  5.35E-1  3.30E+0  7.43E+0 1.15E+0 1.15E+0  142.0  84.0    0.6
0037 -2.68E+0  4.35E+0  5.68E+0 6.46E-1 6.46E-1  321.0  90.0    0.6
0038 -2.85E+0  4.05E+0  4.49E+0 1.02E+0 1.02E+0  234.0  81.0    0.6
0039 -1.71E+1  3.00E+0  1.11E+1 8.13E-1 8.13E-1  229.0  89.0    0.6
0040  2.42E+0 -1.01E+0  5.24E+0 5.13E-1 5.13E-1  320.0  86.0    0.6
0041 -4.90E+0  3.49E+0  4.37E+0 4.07E-1 4.07E-1  326.0  38.0    0.6
0042 -2.16E+0  2.37E+0  6.18E+0 6.46E-1 6.46E-1  236.0  78.0    0.6
0043 -6.32E+0  5.60E+0  4.19E+0 3.63E+0 3.63E+0  316.0  88.0    0.6
0044  1.75E+1 -4.45E+0 -1.09E+1 3.63E+1 3.63E+1  160.0  84.0    0.6
0045  1.31E+1 -1.20E+1  5.72E+0 4.57E+0 4.57E+0  325.0  86.0    0.6
0046  1.68E+1 -9.38E+0  7.39E+0 3.24E+0 3.24E+0  145.0  86.0    0.6
0047 -2.49E+1  8.21E+0  3.59E+0 1.82E+0 1.82E+0  312.0  90.0    0.6
0048 -2.00E+1 -9.64E-1  9.39E+0 2.29E+0 2.29E+0  126.0  76.0    0.6
0049  1.69E+1 -5.03E+0  7.47E+0 5.13E+0 5.13E+0  238.0  80.0    0.6
0050  1.45E+1 -1.12E+1  2.72E+0 2.57E+0 2.57E+0  224.0  87.0    0.6
0051 -1.52E+1  1.31E+1  4.14E+0 1.45E+0 1.45E+0  356.0  30.0    0.6
0052  1.19E+1 -8.99E+0  5.13E+0 1.82E+0 1.82E+0   48.0  74.0    0.6
0053 -6.36E+0  3.89E+0  9.10E+0 8.13E-1 8.13E-1  326.0  84.0    0.6
0054  1.18E+1 -5.30E+0  8.55E+0 9.12E-1 9.12E-1   56.0  82.0    0.6
0055  7.37E+0 -7.10E+0  4.85E+0 1.45E+0 1.45E+0  122.0  64.0    0.6
0056  7.62E+0 -6.31E+0  7.09E+0 8.13E-1 8.13E-1  319.0  88.0    0.6
0057  1.75E+1 -9.43E+0  3.29E+0 4.57E-1 4.57E-1  328.0  64.0    0.6
0058  1.99E+1 -6.87E+0  2.84E+0 1.62E+0 1.62E+0  184.0  54.0    0.6
0059  1.55E+1 -1.25E+1  7.10E+0 1.82E+0 1.82E+0   52.0  84.0    0.6
0060 -2.11E+1  1.99E+1  5.86E+0 1.29E+0 1.29E+0   40.0  89.0    0.6
0061  5.24E+0 -4.89E+0  4.21E+0 5.75E-1 5.75E-1  316.0  90.0    0.6
0062  1.17E+1 -9.01E+0  6.71E+0 5.75E-1 5.75E-1  319.0  90.0    0.6
0063  1.20E+1 -7.49E+0  5.16E+0 7.24E-1 7.24E-1   46.0  72.0    0.6
0064  1.41E+1 -1.13E+1  1.05E+1 9.12E-1 9.12E-1   58.0  86.0    0.6
0065  3.07E+0 -2.37E+0  7.66E+0 8.13E-1 8.13E-1  328.0  56.0    0.6
0066  2.15E+0 -1.41E+0  1.22E+1 7.24E-1 7.24E-1  146.0  75.0    0.6
0067 -2.29E+1  1.88E+1  4.19E+0 6.46E-1 6.46E-1  230.0  76.0    0.6
0068 -1.17E+1  9.91E+0  3.25E+0 5.13E-1 5.13E-1  322.0  78.0    0.6
0069 -1.06E+1  4.57E+0  1.80E+0 4.07E-1 4.07E-1   87.0  90.0    0.6
0070 -1.24E+1  6.06E+0  9.25E+0 5.13E-1 5.13E-1  138.0  77.0    0.6
0071  1.35E+1 -1.22E+1  7.05E+0 9.12E-1 9.12E-1   55.0  86.0    0.6
0072  1.68E+1 -1.36E+1  1.09E+0 8.13E-1 8.13E-1   46.0  88.0    0.6
0073 -7.52E+0  9.01E+0  4.75E+0 5.13E-1 5.13E-1  248.0  77.0    0.6
0074  1.37E+1 -1.17E+1  6.18E+0 6.46E-1 6.46E-1  142.0  84.0    0.6
0075 -7.27E+0  3.83E+0  8.63E+0 8.13E-1 8.13E-1   60.0  64.0    0.6
0076 -1.13E+1  1.13E+1  3.22E+0 5.75E-1 5.75E-1   46.0  80.0    0.6
0077  1.65E+1 -1.01E+1  3.75E+0 5.75E-1 5.75E-1  234.0  62.0    0.6
0078 -1.58E+1  1.74E+1  5.31E+0 4.57E-1 4.57E-1  294.0  56.0    0.6
0079 -1.37E+1  9.66E+0  5.70E+0 2.29E+0 2.29E+0  120.0  44.0    0.6
0080 -2.39E+1  1.84E+1  3.43E+0 1.15E+0 1.15E+0  141.0  82.0    0.6
0081  1.29E+1 -1.07E+1  3.72E+0 5.75E-1 5.75E-1  216.0  82.0    0.6
0082  3.67E+0 -3.26E+0  6.90E-1 6.46E-1 6.46E-1  222.0  74.0    0.6
0083  1.54E+1 -1.00E+1  6.06E+0 2.88E+0 2.88E+0  237.0  90.0    0.6
0084  1.34E+1 -1.11E+1  6.98E+0 2.04E+0 2.04E+0  139.0  86.0    0.6
0085  1.68E+1 -1.12E+1  6.09E+0 1.82E+0 1.82E+0  241.0  90.0    0.6
0086  1.27E+1 -9.78E+0  4.77E+0 4.57E-1 4.57E-1  232.0  88.0    0.6
0087  1.28E+1 -9.79E+0  7.59E+0 8.13E-1 8.13E-1   43.0  88.0    0.6
0088 -2.21E+1  7.83E+0  3.27E+0 4.57E-1 4.57E-1   42.0  87.0    0.6
0089 -1.39E+1  1.30E+1  5.84E+0 5.13E-1 5.13E-1   12.0  38.0    0.6
0090 -1.75E+1  1.95E+1  4.61E+0 8.13E-1 8.13E-1  144.0  76.0    0.6
0091 -1.09E+1  4.73E+0  3.21E+0 5.75E-1 5.75E-1  231.0  84.0    0.6
0092 -2.04E+1  2.02E+1  5.45E+0 1.15E+0 1.15E+0  132.0  75.0    0.6
0093  1.74E+1 -9.65E+0  3.71E+0 5.75E-1 5.75E-1   46.0  84.0    0.6
0094  1.08E+1 -9.61E+0  9.78E+0 4.57E-1 4.57E-1   46.0  74.0    0.6
0095  3.00E+0 -1.16E+0  5.18E+0 9.12E-1 9.12E-1  157.0  44.0    0.6
0096 -1.40E+1  1.17E+1  7.86E-1 5.75E-1 5.75E-1   34.0  48.0    0.6
0097  1.47E+1 -1.22E+1  2.93E+0 1.15E+0 1.15E+0  133.0  86.0    0.6
0098  1.36E+1 -1.19E+1  5.65E+0 7.24E-1 7.24E-1  222.0  78.0    0.6
0099 -1.80E+0  2.48E+0  9.28E+0 4.57E-1 4.57E-1  332.0  76.0    0.6
0100  4.52E+0  1.20E+0  1.23E+1 3.63E-1 3.63E-1  338.0  74.0    0.6
0101  1.89E+1 -8.29E+0  3.59E+0 1.82E+0 1.82E+0  222.0  88.0    0.6
0102 -1.13E+1  1.05E+1  2.68E+0 6.46E-1 6.46E-1  318.0  82.0    0.6
0103  1.10E+1 -7.47E+0  8.78E+0 4.57E-1 4.57E-1  133.0  76.0    0.6
0104 -1.70E+1  1.17E+1  9.74E+0 7.24E-1 7.24E-1  206.0  46.0    0.6
0105  1.11E+1 -9.23E+0  7.73E+0 5.75E-1 5.75E-1   44.0  72.0    0.6
0106  1.54E+1 -1.18E+1  4.80E+0 4.57E-1 4.57E-1  224.0  60.0    0.6
0107  1.25E+1 -8.29E+0  5.72E+0 5.75E-1 5.75E-1  158.0  74.0    0.6
0108 -2.20E+1  8.16E+0  9.86E+0 1.29E+0 1.29E+0  226.0  85.0    0.6
0109  1.22E+1 -1.01E+1  5.74E+0 5.13E-1 5.13E-1   48.0  84.0    0.6
0110  1.20E+1 -1.05E+1  7.55E+0 9.12E-1 9.12E-1  130.0  80.0    0.6
0111  1.55E+1 -1.17E+1  5.60E+0 8.13E-1 8.13E-1  153.0  80.0    0.6
0112  1.60E+1 -1.19E+1  4.75E+0 7.24E-1 7.24E-1  207.0  44.0    0.6
0113 -1.36E+1  1.22E+1  4.99E+0 1.02E+0 1.02E+0  312.0  86.0    0.6
0114  1.06E+1 -7.81E+0  7.76E+0 5.13E-1 5.13E-1   46.0  71.0    0.6
0115 -5.81E+0 -5.01E-1  9.32E+0 4.07E-1 4.07E-1  352.0  64.0    0.6
0116 -7.97E+0  8.16E+0  9.18E+0 6.46E-1 6.46E-1  111.0  78.0    0.6
0117  1.20E+1 -5.12E+0  7.83E+0 4.07E-1 4.07E-1  190.0  57.0    0.6
0118  6.39E+0 -5.86E+0  6.10E+0 1.82E+0 1.82E+0  130.0  83.0    0.6
0119  5.41E+0 -5.06E+0  7.79E+0 4.57E-1 4.57E-1  346.0  65.0    0.6
0120  6.31E+0 -6.21E+0  5.29E+0 4.57E-1 4.57E-1   36.0  70.0    0.6
0121 -1.17E+1  7.55E+0  6.71E+0 5.75E-1 5.75E-1  130.0  85.0    0.6
0122  4.02E-1  4.56E+0  1.02E+1 5.75E-1 5.75E-1  314.0  70.0    0.6
0123 -6.29E+0  1.74E+1  2.21E+0 5.75E-1 5.75E-1  330.0  84.0    0.6
0124 -1.85E+1  1.18E+1  3.21E+0 5.75E-1 5.75E-1  248.0  88.0    0.6
0125 -1.99E+0  6.45E-1  1.21E+1 7.24E-1 7.24E-1  144.0  84.0    0.6
0126  5.60E-2  3.69E+0  1.11E+1 1.82E+0 1.82E+0  228.0  86.0    0.6
0127 -1.14E+1  7.53E+0  9.28E+0 5.75E-1 5.75E-1  189.0  50.0    0.6
0128 -1.74E+1  1.46E+1  4.31E+0 5.13E-1 5.13E-1  263.0  48.0    0.6
0129  1.40E+0 -3.50E+0  8.25E+0 5.13E-1 5.13E-1  134.0  79.0    0.6
0130 -8.72E+0  5.75E+0  1.02E+1 5.13E-1 5.13E-1  144.0  78.0    0.6
0131  1.90E+1 -8.64E+0  5.18E+0 6.46E-1 6.46E-1  212.0  82.0    0.6
0132 -2.41E+0  5.59E+0  1.12E+1 5.75E-1 5.75E-1  136.0  84.0    0.6
0133  1.61E+1 -1.20E+1  5.25E+0 5.75E-1 5.75E-1  342.0  60.0    0.6
0134 -1.31E+1  1.22E+1  9.32E+0 4.57E-1 4.57E-1  330.0  51.0    0.6
0135  4.36E+0  1.60E+0  1.10E+1 1.15E+0 1.15E+0  210.0  52.0    0.6
0136 -2.22E+1  2.24E+1  3.79E+0 4.57E-1 4.57E-1   51.0  67.0    0.6
0137  1.63E+1 -9.99E+0  3.22E+0 5.75E-1 5.75E-1   64.0  81.0    0.6
0138  5.67E+0 -5.36E+0  6.38E+0 4.57E-1 4.57E-1  104.0  31.0    0.6
0139 -1.90E+1  1.51E+1  6.14E+0 7.24E-1 7.24E-1  136.0  86.0    0.6
0140  4.44E-1 -7.30E-3  7.77E+0 4.57E-1 4.57E-1   56.0  81.0    0.6
0141  1.98E+1 -8.17E+0  3.30E+0 8.13E-1 8.13E-1   32.0  29.0    0.6
0142  7.22E+0 -5.76E+0  5.63E+0 9.12E-1 9.12E-1  156.0  54.0    0.6
0143  1.20E+1 -9.88E+0  5.80E+0 4.07E-1 4.07E-1   42.0  78.0    0.6
0144 -2.45E+1  1.95E+1  2.71E+0 5.75E-1 5.75E-1  130.0  86.0    0.6
0145 -1.33E+1  1.26E+1  9.22E+0 5.75E-1 5.75E-1   82.0  76.0    0.6
0146 -1.62E+1  1.43E+1  8.75E+0 5.13E-1 5.13E-1  132.0  80.0    0.6
0147 -1.04E+1  8.84E+0  5.13E+0 8.13E-1 8.13E-1  240.0  67.0    0.6
0148 -1.16E+1  8.88E+0  4.69E+0 6.46E-1 6.46E-1   58.0  73.0    0.6
0149 -2.38E+1  2.55E+1  9.05E+0 9.12E-1 9.12E-1   44.0  83.0    0.6
0150  1.69E+1  1.24E+1  1.02E+1 6.46E-1 6.46E-1   44.0  83.0    0.6
0151  1.03E+0 -1.28E+0  1.02E+1 5.13E-1 5.13E-1   61.0  85.0    0.6
0152  2.12E+1 -7.01E+0  3.27E+0 6.46E-1 6.46E-1  360.0  46.0    0.6
0153 -1.10E+1  1.11E+1  3.71E+0 5.75E-1 5.75E-1  234.0  86.0    0.6
0154 -2.12E+1  2.13E+1  4.28E+0 4.57E-1 4.57E-1  136.0  77.0    0.6
0155  1.44E+1 -9.57E+0  7.74E+0 5.13E-1 5.13E-1  135.0  85.0    0.6
0156 -8.30E+0  9.95E+0  9.22E+0 5.75E-1 5.75E-1   38.0  77.0    0.6
0157 -4.77E+0  5.51E+0  1.13E+1 4.57E-1 4.57E-1  138.0  75.0    0.6
0158  1.63E+1 -7.02E+0  4.11E+0 1.02E+0 1.02E+0  200.0  50.0    0.6
0159 -1.49E+1  1.37E+1  9.74E+0 5.13E-1 5.13E-1   28.0  85.0    0.6
0160  1.13E+1 -7.35E+0  4.74E+0 5.13E-1 5.13E-1  241.0  90.0    0.6
0161  1.24E+1 -9.38E+0  6.69E+0 8.13E-1 8.13E-1  200.0  50.0    0.6
0162  1.20E+1 -6.97E+0  7.68E+0 6.46E-1 6.46E-1  320.0  80.0    0.6
0163  6.00E+0 -2.70E+0  5.75E+0 5.13E-1 5.13E-1  142.0  76.0    0.6
0164 -1.17E+1  6.75E+0  9.48E+0 1.15E+0 1.15E+0   58.0  64.0    0.6
0165 -1.10E+1  1.09E+1  5.18E+0 6.46E-1 6.46E-1  260.0  85.0    0.6
0166  1.94E+1 -1.10E+1  3.72E+0 5.75E-1 5.75E-1   46.0  78.0    0.6
0167  1.46E+1 -9.21E+0  9.30E+0 4.07E-1 4.07E-1  328.0  79.0    0.6
0168  1.89E+1  1.98E+1  5.60E+0 8.13E-1 8.13E-1   40.0  82.0    0.6
0169 -1.75E+1  1.66E+1  5.64E+0 7.24E-1 7.24E-1  314.0  81.0    0.6
0170  1.96E+1  2.01E+1  5.64E+0 7.24E-1 7.24E-1   42.0  83.0    0.6
0171 -7.49E+0  9.03E+0  4.25E+0 5.13E-1 5.13E-1  250.0  82.0    0.6
0172  2.03E+1 -9.49E+0  4.49E+0 1.02E+0 1.02E+0   66.0  81.0    0.6
0173  2.02E+1 -8.95E+0  4.75E+0 5.13E-1 5.13E-1   78.0  76.0    0.6
0174  1.92E+1  2.09E+1  5.44E+0 1.15E+0 1.15E+0  310.0  78.0    0.6
0175 -1.37E+1  5.23E-1  1.01E+1 2.88E+0 2.88E+0  139.0  87.0    0.6
0176  1.97E+1  2.02E+1  5.05E+0 9.12E-1 9.12E-1   38.0  81.0    0.6
0177 -9.67E+0  4.73E+0  6.28E+0 5.13E-1 5.13E-1   14.0  58.0    0.6
0178  2.32E+1 -6.21E+0  3.81E+0 4.07E-1 4.07E-1  348.0  66.0    0.6
0179 -1.97E+1  1.99E+1  8.30E+0 4.07E-1 4.07E-1  300.0  78.0    0.6
0180 -1.20E+1  8.96E+0  1.01E+1 7.24E-1 7.24E-1   62.0  90.0    0.6
0181 -1.17E+1  1.67E+1  8.81E+0 6.46E-1 6.46E-1    6.0  36.0    0.6
0182 -9.90E+0  8.51E+0  9.60E+0 8.13E-1 8.13E-1  132.0  81.0    0.6
0183 -1.57E+1  1.58E+1  6.50E+0 1.02E+0 1.02E+0  309.0  80.0    0.6
0184  2.45E+0 -1.56E+0  3.85E+0 5.13E-1 5.13E-1  146.0  35.0    0.6
0185 -1.97E+1  2.09E+1  6.29E+0 5.75E-1 5.75E-1  269.0  46.0    0.6
0186  2.45E+1  1.66E+1  4.74E+0 5.13E-1 5.13E-1   42.0  90.0    0.6
0187  2.56E+0 -1.49E+0  6.21E+0 1.62E+0 1.62E+0  130.0  76.0    0.6
0188 -1.36E+1  1.31E+1  4.68E+0 6.46E-1 6.46E-1  230.0  90.0    0.6
0189  1.98E+0 -1.60E+0  6.83E+0 5.13E-1 5.13E-1  150.0  42.0    0.6
0190 -2.06E+1  2.17E+1  4.71E+0 6.46E-1 6.46E-1   38.0  64.0    0.6
0191  1.46E+1 -7.30E+0  4.75E+0 5.13E-1 5.13E-1  165.0  74.0    0.6
0192 -6.32E+0  1.01E+1  6.78E+0 4.57E-1 4.57E-1  210.0  75.0    0.6
0193 -1.35E+1  1.06E+1  1.03E+1 4.57E-1 4.57E-1  306.0  86.0    0.6
0194  1.32E+1 -7.63E+0  5.14E+0 7.24E-1 7.24E-1  144.0  80.0    0.6
0195  1.22E+1 -9.93E+0  8.75E+0 5.13E-1 5.13E-1  139.0  78.0    0.6
0196 -2.42E+0  3.59E+0  6.99E+0 1.02E+0 1.02E+0  130.0  88.0    0.6
0197 -1.68E+1  1.51E+1  6.36E+0 1.29E+0 1.29E+0   46.0  90.0    0.6
0198  1.36E+1 -1.02E+1  8.68E+0 6.46E-1 6.46E-1  331.0  79.0    0.6
0199 -1.80E+1 -2.93E-1  5.26E+0 7.24E-1 7.24E-1  126.0  42.0    0.6
0200  1.62E+1 -9.07E+0  2.91E+0 2.29E+0 2.29E+0  312.0  72.0    0.6
0201 -2.62E+1  2.08E+1  9.28E+0 4.57E-1 4.57E-1  145.0  78.0    0.6
0202 -1.45E+1  1.17E+1  1.34E+0 9.12E-1 9.12E-1  184.0  21.0    0.6
0203  2.52E+1  1.75E+1  1.27E+0 4.57E-1 4.57E-1  228.0  88.0    0.6
0204  5.83E+0 -3.41E+0  7.27E+0 4.57E-1 4.57E-1   28.0  90.0    0.6
0205 -1.14E+1  8.24E+0  1.17E+1 5.75E-1 5.75E-1  148.0  84.0    0.6
0206  1.49E+0 -1.73E+0  8.24E+0 5.13E-1 5.13E-1  124.0  87.0    0.6
0207  1.36E+1 -6.75E+0  4.18E+0 6.46E-1 6.46E-1  316.0  81.0    0.6
0208  1.33E+1 -7.33E+0  4.14E+0 7.24E-1 7.24E-1   59.0  85.0    0.6
0209 -1.11E+1  1.10E+1  5.24E+0 5.13E-1 5.13E-1  144.0  86.0    0.6
0210 -1.09E+1  1.15E+1  9.71E+0 5.75E-1 5.75E-1  136.0  88.0    0.6
0211 -6.01E+0  2.09E+0  7.25E+0 5.13E-1 5.13E-1  136.0  81.0    0.6
0212  1.39E+1 -9.87E+0  6.76E+0 2.57E+0 2.57E+0  346.0  74.0    0.6
0213  1.29E+1 -8.98E+0  6.72E+0 5.75E-1 5.75E-1  228.0  82.0    0.6
0214  1.42E+1 -9.35E+0  6.34E+0 3.63E-1 3.63E-1  258.0  62.0    0.6
0215  1.49E+1 -8.76E+0  8.91E+0 1.29E+0 1.29E+0  242.0  66.0    0.6
0216 -1.95E+1  1.55E+1  5.30E+0 4.07E-1 4.07E-1   54.0  84.0    0.6
0217 -7.68E+0  6.42E-1  8.77E+0 5.13E-1 5.13E-1   38.0  65.0    0.6
0218 -2.14E+1  1.64E+1  6.14E+0 7.24E-1 7.24E-1   42.0  86.0    0.6
0219 -2.53E+1  1.32E+1  4.30E+0 4.07E-1 4.07E-1  137.0  78.0    0.6
0220  8.07E+0 -1.26E+1  4.90E+0 4.07E-1 4.07E-1   96.0  30.0    0.6
0221 -3.07E+0  8.93E-1  6.83E+0 5.75E-1 5.75E-1  234.0  36.0    0.6
0222  4.68E-1  4.89E-1  1.33E+1 7.24E-1 7.24E-1   16.0  38.0    0.6
0223 -2.35E+1  1.46E+1  3.78E+0 4.57E-1 4.57E-1   52.0  74.0    0.6
0224 -2.46E+1  5.95E+0  6.21E+0 5.75E-1 5.75E-1  136.0  84.0    0.6
0225 -2.50E+0  5.66E+0  8.78E+0 1.45E+0 1.45E+0  220.0  88.0    0.6
0226 -1.98E+1  3.13E-1  3.60E+0 1.82E+0 1.82E+0   38.0  83.0    0.6
0227 -1.02E+1  1.17E+1  9.45E+0 1.45E+0 1.45E+0  194.0  50.0    0.6
0228 -1.85E+1  3.86E-1  6.86E+0 1.29E+0 1.29E+0  131.0  85.0    0.6
0229 -5.46E+0  5.16E+0  3.98E+0 2.04E+0 2.04E+0  230.0  90.0    0.6
0230 -1.25E+1  1.16E+1  8.73E+0 1.62E+0 1.62E+0  333.0  72.0    0.6
0231 -1.19E+1  7.84E+0  4.36E+0 1.29E+0 1.29E+0  225.0  87.0    0.6
0232 -8.44E+0  8.65E+0  7.05E+0 9.12E-1 9.12E-1  312.0  79.0    0.6
0233 -1.43E+1  4.85E-1  1.18E+1 4.57E-1 4.57E-1  218.0  73.0    0.6
0234 -6.82E+0  1.15E+1  7.44E+0 4.07E-1 4.07E-1  219.0  17.0    0.6
0235 -8.93E+0  1.06E+1  1.47E+1 5.13E-1 5.13E-1  141.0  85.0    0.6
0236 -1.13E+1  7.86E+0  4.75E+0 5.13E-1 5.13E-1  121.0  81.0    0.6
0237 -1.03E+1  8.61E+0  5.77E+0 4.57E-1 4.57E-1  230.0  84.0    0.6
0238 -6.50E+0  1.12E+1  4.75E+0 5.13E-1 5.13E-1  225.0  83.0    0.6
0239 -3.19E+0  3.15E+0  6.09E+0 1.82E+0 1.82E+0   50.0  90.0    0.6
0240 -1.14E+1  1.19E+1  1.03E+1 4.57E-1 4.57E-1  323.0  81.0    0.6
0241 -1.87E+1 -1.55E-1  5.44E+0 1.15E+0 1.15E+0  135.0  79.0    0.6
0242 -2.79E+0  3.55E+0  5.14E+0 7.24E-1 7.24E-1  324.0  87.0    0.6
0243  1.12E+0 -1.44E+0  4.49E+0 1.02E+0 1.02E+0  153.0  81.0    0.6
0244 -8.19E+0  1.10E+1  2.99E+0 1.02E+0 1.02E+0  312.0  86.0    0.6
0245 -8.33E+0  9.01E+0  8.06E+0 9.12E-1 9.12E-1  234.0  74.0    0.6
0246 -1.49E+1  4.41E+0  9.99E+0 1.02E+0 1.02E+0  129.0  85.0    0.6
0247 -1.27E+1  7.40E+0  1.83E+0 3.63E-1 3.63E-1  156.0  72.0    0.6
0248 -1.40E+1  6.12E+0  1.75E+0 5.13E-1 5.13E-1  143.0  76.0    0.6
0249 -5.32E+0  4.73E+0  4.22E+0 5.75E-1 5.75E-1  233.0  73.0    0.6
0250 -8.46E+0  1.11E+1  2.71E+0 5.75E-1 5.75E-1  322.0  86.0    0.6
0251 -4.89E-2 -8.96E-1  2.77E+0 4.57E-1 4.57E-1  323.0  83.0    0.6
0252 -1.65E+1  3.18E+0  7.66E+0 7.24E-1 7.24E-1  305.0  71.0    0.6
0253 -2.24E+0  3.88E+0  6.09E+0 8.13E-1 8.13E-1  136.0  89.0    0.6
0254 -9.87E+0  1.18E+1  1.22E+1 5.75E-1 5.75E-1  316.0  88.0    0.6
0255 -1.90E+1 -2.17E-1  6.72E+0 5.75E-1 5.75E-1   45.0  80.0    0.6
0256 -7.71E+0  9.10E+0  8.80E+0 4.07E-1 4.07E-1  330.0  86.0    0.6
0257 -1.32E+1  4.85E+0  5.88E+0 5.13E-1 5.13E-1  104.0  29.0    0.6
0258 -1.87E+1  1.30E+0  5.23E+0 5.75E-1 5.75E-1  133.0  68.0    0.6
0259  1.01E-1  5.32E+0  5.02E+0 5.13E+0 5.13E+0  222.0  75.0    0.6
0260 -3.08E-1  3.15E+0  7.43E+0 1.15E+0 1.15E+0   52.0  90.0    0.6
0261 -2.62E+0  3.88E+0  5.68E+0 6.46E-1 6.46E-1   51.0  87.0    0.6
0262 -3.51E+0  3.87E+0  4.49E+0 1.02E+0 1.02E+0  324.0  87.0    0.6
0263 -1.69E+1  2.53E+0  1.11E+1 8.13E-1 8.13E-1  139.0  71.0    0.6
0264  2.79E+0 -9.62E-1  5.24E+0 5.13E-1 5.13E-1  230.0  90.0    0.6
0265 -4.48E+0  3.66E+0  4.32E+0 4.07E-1 4.07E-1  199.0  65.0    0.6
0266 -2.01E+0  1.90E+0  6.18E+0 6.46E-1 6.46E-1  145.0  85.0    0.6
0267 -3.89E+0  5.86E+0  4.20E+0 3.63E+0 3.63E+0  226.0  82.0    0.6
0268 -2.61E+0 -1.86E+1 -1.03E+1 3.63E+1 3.63E+1   68.0  75.0    0.6
0269  1.38E+1 -1.51E+1  5.71E+0 4.57E+0 4.57E+0   55.0  89.0    0.6
0270  1.47E+1 -9.98E+0  7.39E+0 3.24E+0 3.24E+0   55.0  83.0    0.6
0271 -2.37E+1  8.31E+0  3.62E+0 1.82E+0 1.82E+0  222.0  76.0    0.6
0272 -2.18E+1 -9.73E-1  9.37E+0 2.29E+0 2.29E+0   34.0  82.0    0.6
0273  1.37E+1 -6.32E+0  7.45E+0 5.13E+0 5.13E+0  329.0  85.0    0.6
0274  1.26E+1 -1.14E+1  2.74E+0 2.57E+0 2.57E+0  315.0  79.0    0.6
0275 -1.36E+1  1.38E+1  3.87E+0 1.45E+0 1.45E+0  167.0  60.0    0.6
0276  1.17E+1 -7.55E+0  5.09E+0 1.82E+0 1.82E+0  317.0  88.0    0.6
0277 -5.80E+0  4.05E+0  9.09E+0 8.13E-1 8.13E-1  236.0  86.0    0.6
0278  1.16E+1 -4.69E+0  8.55E+0 9.12E-1 9.12E-1  324.0  78.0    0.6
0279  7.07E+0 -5.97E+0  4.83E+0 1.45E+0 1.45E+0  223.0  69.0    0.6
0280  7.73E+0 -6.92E+0  7.10E+0 8.13E-1 8.13E-1   49.0  80.0    0.6
0281  1.78E+1 -9.24E+0  3.29E+0 4.57E-1 4.57E-1  226.0  67.0    0.6
0282  1.87E+1 -8.34E+0  3.00E+0 1.62E+0 1.62E+0   27.0  38.0    0.6
0283  1.68E+1 -1.22E+1  7.10E+0 1.82E+0 1.82E+0  143.0  84.0    0.6
0284 -2.01E+1  1.99E+1  5.86E+0 1.29E+0 1.29E+0  130.0  84.0    0.6
0285  5.56E+0 -4.80E+0  4.24E+0 5.75E-1 5.75E-1  226.0  67.0    0.6
0286  1.21E+1 -8.93E+0  6.72E+0 5.75E-1 5.75E-1  229.0  76.0    0.6
0287  1.19E+1 -6.90E+0  5.14E+0 7.24E-1 7.24E-1  316.0  89.0    0.6
0288  1.39E+1 -1.07E+1  1.06E+1 9.12E-1 9.12E-1  327.0  74.0    0.6
0289  4.04E+0 -2.24E+0  7.77E+0 8.13E-1 8.13E-1  157.0  34.0    0.6
0290  1.66E+0 -1.64E+0  1.22E+1 7.24E-1 7.24E-1   51.0  71.0    0.6
0291 -2.34E+1  1.86E+1  4.19E+0 6.46E-1 6.46E-1  323.0  76.0    0.6
0292 -1.16E+1  9.55E+0  3.25E+0 5.13E-1 5.13E-1   55.0  76.0    0.6
0293 -1.08E+1  4.78E+0  1.80E+0 4.07E-1 4.07E-1  357.0  87.0    0.6
0294 -1.25E+1  6.43E+0  9.25E+0 5.13E-1 5.13E-1  231.0  76.0    0.6
0295  1.41E+1 -1.20E+1  7.04E+0 9.12E-1 9.12E-1  145.0  88.0    0.6
0296  1.75E+1 -1.36E+1  1.10E+0 8.13E-1 8.13E-1  136.0  77.0    0.6
0297 -7.81E+0  8.82E+0  4.74E+0 5.13E-1 5.13E-1  339.0  85.0    0.6
0298  1.33E+1 -1.19E+1  6.18E+0 6.46E-1 6.46E-1   51.0  79.0    0.6
0299 -6.89E+0  4.68E+0  8.76E+0 8.13E-1 8.13E-1  192.0  36.0    0.6
0300 -1.09E+1  1.14E+1  3.21E+0 5.75E-1 5.75E-1  137.0  83.0    0.6
0301  1.61E+1 -1.04E+1  3.73E+0 5.75E-1 5.75E-1  334.0  72.0    0.6
0302 -1.58E+1  1.71E+1  5.27E+0 4.57E-1 4.57E-1   30.0  81.0    0.6
0303 -1.52E+1  1.15E+1  5.54E+0 2.29E+0 2.29E+0  252.0  57.0    0.6
0304 -2.41E+1  1.91E+1  3.43E+0 1.15E+0 1.15E+0  232.0  86.0    0.6
0305  1.29E+1 -1.11E+1  3.71E+0 5.75E-1 5.75E-1  126.0  87.0    0.6
0306  3.17E+0 -3.42E+0  7.01E-1 6.46E-1 6.46E-1  319.0  68.0    0.6
0307  1.33E+1 -1.05E+1  6.06E+0 2.88E+0 2.88E+0  327.0  86.0    0.6
0308  1.20E+1 -1.13E+1  6.98E+0 2.04E+0 2.04E+0   49.0  85.0    0.6
0309  1.72E+1 -1.23E+1  6.10E+0 1.82E+0 1.82E+0  151.0  80.0    0.6
0310  1.27E+1 -1.01E+1  4.77E+0 4.57E-1 4.57E-1  142.0  85.0    0.6
0311  1.33E+1 -9.79E+0  7.59E+0 8.13E-1 8.13E-1  133.0  87.0    0.6
0312 -2.18E+1  7.84E+0  3.27E+0 4.57E-1 4.57E-1  132.0  84.0    0.6
0313 -1.37E+1  1.35E+1  5.75E+0 5.13E-1 5.13E-1  263.0  75.0    0.6
0314 -1.80E+1  1.92E+1  4.61E+0 8.13E-1 8.13E-1   51.0  76.0    0.6
0315 -1.08E+1  4.36E+0  3.22E+0 5.75E-1 5.75E-1  139.0  74.0    0.6
0316 -2.13E+1  2.02E+1  5.43E+0 1.15E+0 1.15E+0   41.0  85.0    0.6
0317  1.73E+1 -9.27E+0  3.72E+0 5.75E-1 5.75E-1  314.0  74.0    0.6
0318  1.08E+1 -9.26E+0  9.77E+0 4.57E-1 4.57E-1  314.0  81.0    0.6
0319  2.00E+0 -1.59E+0  5.16E+0 9.12E-1 9.12E-1    1.0  49.0    0.6
0320 -1.38E+1  1.24E+1  8.07E-1 5.75E-1 5.75E-1  220.0  42.0    0.6
0321  1.39E+1 -1.22E+1  2.93E+0 1.15E+0 1.15E+0   43.0  86.0    0.6
0322  1.31E+1 -1.20E+1  5.64E+0 7.24E-1 7.24E-1  314.0  80.0    0.6
0323 -1.46E+0  2.71E+0  9.41E+0 4.57E-1 4.57E-1  208.0  24.0    0.6
0324  4.77E+0  9.79E-1  1.23E+1 3.63E-1 3.63E-1   79.0  57.0    0.6
0325  1.74E+1 -8.42E+0  3.63E+0 1.82E+0 1.82E+0  313.0  74.0    0.6
0326 -1.08E+1  1.06E+1  2.68E+0 6.46E-1 6.46E-1  227.0  85.0    0.6
0327  1.10E+1 -7.15E+0  8.77E+0 4.57E-1 4.57E-1  225.0  81.0    0.6
0328 -1.76E+1  1.10E+1  9.74E+0 7.24E-1 7.24E-1    6.0  46.0    0.6
0329  1.15E+1 -9.15E+0  7.71E+0 5.75E-1 5.75E-1  136.0  85.0    0.6
0330  1.51E+1 -1.20E+1  4.78E+0 4.57E-1 4.57E-1  321.0  78.0    0.6
0331  1.21E+1 -8.58E+0  5.76E+0 5.75E-1 5.75E-1   57.0  57.0    0.6
0332 -2.19E+1  7.24E+0  9.86E+0 1.29E+0 1.29E+0  136.0  86.0    0.6
0333  1.21E+1 -9.74E+0  5.76E+0 5.13E-1 5.13E-1  316.0  68.0    0.6
0334  1.14E+1 -1.06E+1  7.59E+0 9.12E-1 9.12E-1   35.0  65.0    0.6
0335  1.50E+1 -1.20E+1  5.59E+0 8.13E-1 8.13E-1   62.0  86.0    0.6
0336  1.54E+1 -1.23E+1  4.70E+0 7.24E-1 7.24E-1  342.0  56.0    0.6
0337 -1.36E+1  1.15E+1  4.99E+0 1.02E+0 1.02E+0   42.0  85.0    0.6
0338  1.10E+1 -7.71E+0  7.75E+0 5.13E-1 5.13E-1  138.0  83.0    0.6
0339 -5.41E+0 -2.43E-1  9.41E+0 4.07E-1 4.07E-1  185.0  27.0    0.6
0340 -8.42E+0  8.25E+0  9.19E+0 6.46E-1 6.46E-1   17.0  72.0    0.6
0341  1.17E+1 -5.51E+0  7.88E+0 4.07E-1 4.07E-1   35.0  36.0    0.6
0342  5.14E+0 -5.97E+0  6.12E+0 1.82E+0 1.82E+0   38.0  76.0    0.6
0343  5.70E+0 -4.80E+0  7.77E+0 4.57E-1 4.57E-1  254.0  85.0    0.6
0344  6.61E+0 -6.18E+0  5.27E+0 4.57E-1 4.57E-1  128.0  85.0    0.6
0345 -1.17E+1  7.95E+0  6.71E+0 5.75E-1 5.75E-1  220.0  87.0    0.6
0346  4.80E-1  4.21E+0  1.02E+1 5.75E-1 5.75E-1   45.0  87.0    0.6
0347 -6.04E+0  1.70E+1  2.24E+0 5.75E-1 5.75E-1   63.0  64.0    0.6
0348 -1.89E+1  1.16E+1  3.21E+0 5.75E-1 5.75E-1  338.0  85.0    0.6
0349 -2.46E+0  4.92E-1  1.21E+1 7.24E-1 7.24E-1   53.0  78.0    0.6
0350 -1.50E+0  3.21E+0  1.12E+1 1.82E+0 1.82E+0  320.0  60.0    0.6
0351 -1.17E+1  6.96E+0  9.29E+0 5.75E-1 5.75E-1   46.0  46.0    0.6
0352 -1.70E+1  1.43E+1  4.25E+0 5.13E-1 5.13E-1  162.0  78.0    0.6
0353  1.00E+0 -3.53E+0  8.24E+0 5.13E-1 5.13E-1   44.0  89.0    0.6
0354 -8.87E+0  6.10E+0  1.03E+1 5.13E-1 5.13E-1  237.0  76.0    0.6
0355  1.85E+1 -8.63E+0  5.19E+0 6.46E-1 6.46E-1  304.0  74.0    0.6
0356 -2.46E+0  6.00E+0  1.12E+1 5.75E-1 5.75E-1  227.0  85.0    0.6
0357  1.65E+1 -1.16E+1  5.29E+0 5.75E-1 5.75E-1  219.0  47.0    0.6
0358 -1.27E+1  1.25E+1  9.28E+0 4.57E-1 4.57E-1  224.0  72.0    0.6
0359  3.42E+0  6.87E-1  1.11E+1 1.15E+0 1.15E+0  352.0  45.0    0.6
0360 -2.19E+1  2.26E+1  3.80E+0 4.57E-1 4.57E-1  154.0  63.0    0.6
0361  1.66E+1 -9.80E+0  3.21E+0 5.75E-1 5.75E-1  155.0  84.0    0.6
0362  5.23E+0 -5.02E+0  6.30E+0 4.57E-1 4.57E-1  293.0  59.0    0.6
0363 -1.91E+1  1.56E+1  6.14E+0 7.24E-1 7.24E-1  226.0  86.0    0.6
0364  7.45E-1  9.44E-2  7.77E+0 4.57E-1 4.57E-1  147.0  85.0    0.6
0365  2.04E+1 -7.47E+0  3.13E+0 8.13E-1 8.13E-1  181.0  65.0    0.6
0366  6.17E+0 -6.08E+0  5.73E+0 9.12E-1 9.12E-1  348.0  37.0    0.6
0367  1.23E+1 -9.82E+0  5.80E+0 4.07E-1 4.07E-1  135.0  76.0    0.6
0368 -2.49E+1  1.95E+1  2.71E+0 5.75E-1 5.75E-1   40.0  84.0    0.6
0369 -1.36E+1  1.29E+1  9.21E+0 5.75E-1 5.75E-1  352.0  88.0    0.6
0370 -1.62E+1  1.47E+1  8.74E+0 5.13E-1 5.13E-1  223.0  84.0    0.6
0371 -1.09E+1  8.55E+0  5.10E+0 8.13E-1 8.13E-1  333.0  83.0    0.6
0372 -1.18E+1  9.35E+0  4.68E+0 6.46E-1 6.46E-1  326.0  82.0    0.6
0373 -2.39E+1  2.61E+1  9.05E+0 9.12E-1 9.12E-1  313.0  81.0    0.6
0374  1.74E+1  1.25E+1  1.02E+1 6.46E-1 6.46E-1  134.0  87.0    0.6
0375  1.18E+0 -6.82E-1  1.05E+1 5.13E-1 5.13E-1  219.0   5.0    0.6
0376  2.18E+1 -6.50E+0  3.27E+0 6.46E-1 6.46E-1  191.0  45.0    0.6
0377 -1.14E+1  1.09E+1  3.72E+0 5.75E-1 5.75E-1  325.0  76.0    0.6
0378 -2.13E+1  2.16E+1  4.27E+0 4.57E-1 4.57E-1  227.0  85.0    0.6
0379  1.40E+1 -9.59E+0  7.74E+0 5.13E-1 5.13E-1   45.0  89.0    0.6
0380 -8.30E+0  1.04E+1  9.21E+0 5.75E-1 5.75E-1  307.0  85.0    0.6
0381 -4.89E+0  5.84E+0  1.13E+1 4.57E-1 4.57E-1  232.0  75.0    0.6
0382  1.56E+1 -8.02E+0  4.17E+0 1.02E+0 1.02E+0   15.0  40.0    0.6
0383 -1.49E+1  1.41E+1  9.74E+0 5.13E-1 5.13E-1  298.0  86.0    0.6
0384  1.14E+1 -7.69E+0  4.74E+0 5.13E-1 5.13E-1  151.0  86.0    0.6
0385  1.17E+1 -1.00E+1  6.72E+0 8.13E-1 8.13E-1  356.0  43.0    0.6
0386  1.22E+1 -7.45E+0  7.69E+0 6.46E-1 6.46E-1   53.0  75.0    0.6
0387  5.79E+0 -2.31E+0  5.77E+0 5.13E-1 5.13E-1  239.0  63.0    0.6
0388 -1.10E+1  7.44E+0  9.49E+0 1.15E+0 1.15E+0  162.0  63.0    0.6
0389 -1.13E+1  1.06E+1  5.18E+0 6.46E-1 6.46E-1  351.0  82.0    0.6
0390  1.94E+1 -1.05E+1  3.71E+0 5.75E-1 5.75E-1  315.0  87.0    0.6
0391  1.47E+1 -9.48E+0  9.30E+0 4.07E-1 4.07E-1   60.0  82.0    0.6
0392  1.88E+1  2.04E+1  5.61E+0 8.13E-1 8.13E-1  308.0  76.0    0.6
0393 -1.75E+1  1.61E+1  5.64E+0 7.24E-1 7.24E-1   45.0  86.0    0.6
0394  1.95E+1  2.06E+1  5.65E+0 7.24E-1 7.24E-1  310.0  77.0    0.6
0395 -7.80E+0  8.83E+0  4.24E+0 5.13E-1 5.13E-1  341.0  84.0    0.6
0396  1.99E+1 -8.85E+0  4.49E+0 1.02E+0 1.02E+0  335.0  81.0    0.6
0397  1.99E+1 -8.72E+0  4.78E+0 5.13E-1 5.13E-1  339.0  59.0    0.6
0398  1.93E+1  2.01E+1  5.43E+0 1.15E+0 1.15E+0   41.0  84.0    0.6
0399 -1.40E+1  2.57E+0  1.01E+1 2.88E+0 2.88E+0  229.0  86.0    0.6
0400  1.96E+1  2.08E+1  5.06E+0 9.12E-1 9.12E-1  306.0  75.0    0.6
0401 -9.50E+0  5.24E+0  6.33E+0 5.13E-1 5.13E-1  241.0  43.0    0.6
0402  2.35E+1 -5.91E+0  3.88E+0 4.07E-1 4.07E-1  222.0  37.0    0.6
0403 -1.94E+1  1.99E+1  8.30E+0 4.07E-1 4.07E-1  209.0  85.0    0.6
0404 -1.21E+1  9.42E+0  1.01E+1 7.24E-1 7.24E-1  332.0  85.0    0.6
0405 -1.12E+1  1.72E+1  8.74E+0 6.46E-1 6.46E-1  195.0  54.0    0.6
0406 -9.92E+0  9.04E+0  9.59E+0 8.13E-1 8.13E-1  222.0  90.0    0.6
0407 -1.56E+1  1.51E+1  6.50E+0 1.02E+0 1.02E+0   41.0  80.0    0.6
0408  1.84E+0 -1.69E+0  3.78E+0 5.13E-1 5.13E-1  352.0  58.0    0.6
0409 -1.94E+1  2.02E+1  6.29E+0 5.75E-1 5.75E-1   64.0  47.0    0.6
0410  2.45E+1  1.69E+1  4.75E+0 5.13E-1 5.13E-1  312.0  83.0    0.6
0411  1.37E+0 -1.66E+0  6.23E+0 1.62E+0 1.62E+0   35.0  72.0    0.6
0412 -1.41E+1  1.31E+1  4.68E+0 6.46E-1 6.46E-1  320.0  83.0    0.6
0413  1.50E+0 -1.40E+0  6.78E+0 5.13E-1 5.13E-1  279.0  61.0    0.6
0414 -2.07E+1  2.23E+1  4.68E+0 6.46E-1 6.46E-1  304.0  83.0    0.6
0415  1.44E+1 -7.59E+0  4.78E+0 5.13E-1 5.13E-1   65.0  58.0    0.6
0416 -6.37E+0  9.69E+0  6.77E+0 4.57E-1 4.57E-1  120.0  90.0    0.6
0417 -1.35E+1  1.03E+1  1.03E+1 4.57E-1 4.57E-1   37.0  74.0    0.6
0418  1.27E+1 -7.83E+0  5.16E+0 7.24E-1 7.24E-1   50.0  69.0    0.6
0419  1.18E+1 -1.01E+1  8.79E+0 5.13E-1 5.13E-1   40.0  55.0    0.6
0420 -2.41E+0  4.35E+0  6.99E+0 1.02E+0 1.02E+0  220.0  83.0    0.6
0421 -1.68E+1  1.60E+1  6.36E+0 1.29E+0 1.29E+0  316.0  88.0    0.6
0422  1.41E+1 -1.00E+1  8.68E+0 6.46E-1 6.46E-1  241.0  90.0    0.6
0423 -1.87E+1  1.59E-1  5.22E+0 7.24E-1 7.24E-1  280.0  51.0    0.6
0424  1.81E+1 -8.82E+0  2.87E+0 2.29E+0 2.29E+0  219.0  81.0    0.6
0425 -2.65E+1  2.07E+1  9.27E+0 4.57E-1 4.57E-1   55.0  90.0    0.6
0426 -1.50E+1  1.16E+1  1.05E+0 9.12E-1 9.12E-1  283.0  86.0    0.6
0427  2.48E+1  1.74E+1  1.27E+0 4.57E-1 4.57E-1  318.0  85.0    0.6
0428  6.15E+0 -3.50E+0  7.27E+0 4.57E-1 4.57E-1  118.0  88.0    0.6
0429 -1.18E+1  8.10E+0  1.17E+1 5.75E-1 5.75E-1   57.0  81.0    0.6
0430  1.51E+0 -1.32E+0  8.26E+0 5.13E-1 5.13E-1  215.0  72.0    0.6
0431  1.40E+1 -6.65E+0  4.19E+0 6.46E-1 6.46E-1  223.0  74.0    0.6
0432  1.32E+1 -6.82E+0  4.14E+0 7.24E-1 7.24E-1  329.0  90.0    0.6
0433 -1.14E+1  1.09E+1  5.25E+0 5.13E-1 5.13E-1   53.0  82.0    0.6
0434 -1.09E+1  1.19E+1  9.72E+0 5.75E-1 5.75E-1  226.0  76.0    0.6
0435 -6.08E+0  2.46E+0  7.25E+0 5.13E-1 5.13E-1  227.0  81.0    0.6
0436  1.51E+1 -8.41E+0  6.87E+0 2.57E+0 2.57E+0  247.0  62.0    0.6
0437  1.25E+1 -9.04E+0  6.71E+0 5.75E-1 5.75E-1  318.0  87.0    0.6
0438  1.41E+1 -9.52E+0  6.32E+0 3.63E-1 3.63E-1  349.0  87.0    0.6
0439  1.42E+1 -9.46E+0  8.89E+0 1.29E+0 1.29E+0  341.0  70.0    0.6
0440 -1.96E+1  1.58E+1  5.32E+0 4.07E-1 4.07E-1  321.0  64.0    0.6
0441 -7.32E+0  7.44E-1  8.75E+0 5.13E-1 5.13E-1  134.0  76.0    0.6
0442 -2.14E+1  1.69E+1  6.14E+0 7.24E-1 7.24E-1  312.0  86.0    0.6
0443 -2.56E+1  1.31E+1  4.30E+0 4.07E-1 4.07E-1   45.0  79.0    0.6
0444  7.75E+0 -1.22E+1  4.82E+0 4.07E-1 4.07E-1  276.0  60.0    0.6
0445 -3.14E+0  2.02E-1  6.77E+0 5.75E-1 5.75E-1   44.0  54.0    0.6
0446  1.09E+0  1.10E+0  1.32E+1 7.24E-1 7.24E-1  183.0  53.0    0.6
0447 -2.36E+1  1.49E+1  3.78E+0 4.57E-1 4.57E-1  319.0  78.0    0.6
0448 -2.50E+1  5.91E+0  6.21E+0 5.75E-1 5.75E-1   45.0  85.0    0.6
# number of prestress interfaces
    0
# number of linear viscous interfaces
    0
# number of nonlinear viscous interfaces
    0
# number of fault creep interfaces
    0
# number of inter-seismic strike-slip segments
    0
# number of inter-seismic tensile segments
    0
# number of events
    2
# number of coseismic strike-slip segments
   40
# ----------------------------------------------------------------------------
# n     slip       xs       ys       zs  length   width strike   dip   rake
# ----------------------------------------------------------------------------
001  1.13E-4 -1.97E+1  2.53E-2  0.00E+0 1.55E+0 2.00E+0  219.9  90.0   -3.2
002  2.69E-4 -1.85E+1  1.03E+0  0.00E+0 1.58E+0 2.00E+0  219.9  90.0   -3.2
003  1.31E-3 -1.73E+1  2.05E+0  0.00E+0 1.58E+0 2.00E+0  219.9  90.0   -3.2
004  1.76E-3 -1.61E+1  3.07E+0  0.00E+0 1.58E+0 2.00E+0  219.9  90.0   -3.2
005  1.37E-3 -1.52E+1  4.29E+0  0.00E+0 1.55E+0 2.00E+0  245.6  90.0   -3.2
006  2.93E-3 -1.43E+1  5.50E+0  0.00E+0 1.60E+0 2.00E+0  218.5  90.0   -3.2
007  2.16E-3 -1.30E+1  6.51E+0  0.00E+0 1.60E+0 2.00E+0  218.5  90.0   -3.2
008  2.79E-4 -1.10E+1  8.15E+0  0.00E+0 3.61E+0 2.00E+0  218.5  90.0   -3.2
009  4.02E-4 -1.93E+1  3.36E-1  2.00E+0 2.53E+0 3.00E+0  219.9  90.0   -3.2
010  4.31E-4 -1.74E+1  1.99E+0  2.00E+0 2.56E+0 3.00E+0  219.9  90.0   -3.2
011  2.23E-3 -1.57E+1  3.85E+0  2.00E+0 2.54E+0 3.00E+0  234.2  90.0   -3.2
012  1.77E-3 -1.40E+1  5.71E+0  2.00E+0 2.58E+0 3.00E+0  219.6  90.0   -3.2
013  9.77E-4 -1.20E+1  7.36E+0  2.00E+0 2.60E+0 3.00E+0  218.5  90.0   -3.2
014  7.83E-4 -1.03E+1  8.73E+0  2.00E+0 1.77E+0 3.00E+0  218.5  90.0   -3.2
015  6.01E-4 -1.89E+1  6.74E-1  5.00E+0 3.57E+0 3.00E+0  219.9  90.0   -3.2
016  4.31E-4 -1.64E+1  3.14E+0  5.00E+0 3.60E+0 3.00E+0  226.6  90.0   -3.2
017  2.52E-3 -1.38E+1  5.68E+0  5.00E+0 3.56E+0 3.00E+0  222.7  90.0   -3.2
018  6.73E-4 -1.11E+1  8.09E+0  5.00E+0 3.79E+0 3.00E+0  218.5  90.0   -3.2
019  8.29E-4 -1.89E+1  6.74E-1  8.00E+0 3.57E+0 3.00E+0  219.9  90.0   -3.2
020  4.96E-3 -1.64E+1  3.14E+0  8.00E+0 3.60E+0 3.00E+0  226.6  90.0   -3.2
021  1.16E-3 -1.38E+1  5.68E+0  8.00E+0 3.56E+0 3.00E+0  222.7  90.0   -3.2
022  2.30E-4 -1.11E+1  8.09E+0  8.00E+0 3.79E+0 3.00E+0  218.5  90.0   -3.2
023  1.71E-3 -1.85E+1  1.02E+0  1.10E+1 4.63E+0 4.00E+0  219.9  90.0   -3.2
024  2.11E-3 -1.53E+1  4.21E+0  1.10E+1 4.52E+0 4.00E+0  228.0  90.0   -3.2
025  1.17E-3 -1.17E+1  7.59E+0  1.10E+1 5.40E+0 4.00E+0  218.5  90.0   -3.2
026  4.50E-3 -9.68E+0  6.95E+0  0.00E+0 1.03E+0 2.00E+0  220.8  90.0   -3.2
027  3.48E-3 -8.88E+0  7.66E+0  0.00E+0 1.09E+0 2.00E+0  220.8  90.0   -3.2
028  1.13E-3 -7.09E+0  9.22E+0  0.00E+0 3.68E+0 2.00E+0  220.9  90.0   -3.2
029  5.77E-4 -9.20E+0  7.37E+0  2.00E+0 2.29E+0 3.00E+0  220.9  90.0   -3.2
030  3.68E-4 -7.03E+0  9.28E+0  2.00E+0 3.50E+0 3.00E+0  220.9  90.0   -3.2
031  3.87E-3 -8.92E+0  7.62E+0  5.00E+0 3.06E+0 3.00E+0  220.9  90.0   -3.2
032  4.22E-4 -6.74E+0  9.53E+0  5.00E+0 2.74E+0 3.00E+0  220.9  90.0   -3.2
033  5.37E-4 -8.92E+0  7.62E+0  8.00E+0 3.06E+0 3.00E+0  220.9  90.0   -3.2
034  8.32E-4 -6.74E+0  9.53E+0  8.00E+0 2.74E+0 3.00E+0  220.9  90.0   -3.2
035  8.84E-4 -8.50E+0  7.99E+0  1.10E+1 4.18E+0 4.00E+0  220.9  90.0   -3.2
036  5.05E-4 -6.32E+0  9.90E+0  1.10E+1 1.62E+0 4.00E+0  220.9  90.0   -3.2
037  2.12E-3 -3.86E+0  3.58E+0  0.00E+0 1.51E+0 2.00E+0  135.5  82.0   -3.2
038  1.51E-3 -4.93E+0  4.64E+0  0.00E+0 1.51E+0 2.00E+0  135.5  82.0   -3.2
039  3.44E-4 -6.01E+0  5.68E+0  0.00E+0 1.51E+0 2.00E+0  135.5  82.0   -3.2
040  1.15E-3 -7.44E+0  7.07E+0  0.00E+0 2.48E+0 2.00E+0  135.5  82.0   -3.2
# ----------------------------------------------------------------------------
# number of coseismic tensile segments
    0
# number of coseismic dilatation point sources
    0
# number of surface loads
    0
# time of next event
  1.00E+0 (multiple of   1.00E+0)
# number of coseismic strike-slip segments
  117
# ----------------------------------------------------------------------------
# n     slip       xs       ys       zs  length   width strike   dip   rake
# ----------------------------------------------------------------------------
001  9.43E-4  1.19E+1 -9.87E+0  5.00E+0 3.50E+0 3.00E+0  136.7  90.0  182.2
002  7.46E-5  9.36E+0 -7.47E+0  5.00E+0 3.53E+0 3.00E+0  136.7  90.0  182.2
003  2.67E-4  6.78E+0 -5.06E+0  5.00E+0 3.53E+0 3.00E+0  136.8  90.0  182.2
004  3.02E-3  4.19E+0 -2.66E+0  5.00E+0 3.53E+0 3.00E+0  136.8  90.0  182.2
005  5.15E-3  1.61E+0 -2.53E-1  5.00E+0 3.53E+0 3.00E+0  136.8  90.0  182.2
006  8.14E-3 -9.77E-1  2.15E+0  5.00E+0 3.53E+0 3.00E+0  136.8  90.0  182.2
007  5.95E-3 -3.55E+0  4.56E+0  5.00E+0 3.53E+0 3.00E+0  136.8  90.0  182.2
008  7.77E-3 -6.14E+0  6.96E+0  5.00E+0 3.53E+0 3.00E+0  136.8  90.0  182.2
009  2.47E-3 -8.71E+0  9.37E+0  5.00E+0 3.53E+0 3.00E+0  136.9  90.0  182.2
010  1.94E-3 -1.13E+1  1.18E+1  5.00E+0 3.53E+0 3.00E+0  136.9  90.0  182.2
011  5.08E-4 -1.39E+1  1.42E+1  5.00E+0 3.53E+0 3.00E+0  136.9  90.0  182.2
012  3.33E-4 -1.65E+1  1.66E+1  5.00E+0 3.53E+0 3.00E+0  136.9  90.0  182.2
013  2.44E-3 -1.90E+1  1.90E+1  5.00E+0 3.53E+0 3.00E+0  136.9  90.0  182.2
014  4.70E-4 -2.16E+1  2.14E+1  5.00E+0 3.53E+0 3.00E+0  136.9  90.0  182.2
015  2.37E-4 -2.38E+1  2.34E+1  5.00E+0 2.27E+0 3.00E+0  136.9  90.0  182.2
016  6.88E-4  1.19E+1 -9.87E+0  8.00E+0 3.50E+0 3.00E+0  136.7  90.0  182.2
017  3.44E-3  9.36E+0 -7.47E+0  8.00E+0 3.53E+0 3.00E+0  136.7  90.0  182.2
018  2.61E-3  6.78E+0 -5.06E+0  8.00E+0 3.53E+0 3.00E+0  136.8  90.0  182.2
019  2.16E-3  4.19E+0 -2.66E+0  8.00E+0 3.53E+0 3.00E+0  136.8  90.0  182.2
020  2.22E-3  1.61E+0 -2.53E-1  8.00E+0 3.53E+0 3.00E+0  136.8  90.0  182.2
021  4.82E-3 -9.77E-1  2.15E+0  8.00E+0 3.53E+0 3.00E+0  136.8  90.0  182.2
022  1.72E-3 -3.55E+0  4.56E+0  8.00E+0 3.53E+0 3.00E+0  136.8  90.0  182.2
023  1.65E-3 -6.14E+0  6.96E+0  8.00E+0 3.53E+0 3.00E+0  136.8  90.0  182.2
024  1.89E-3 -8.71E+0  9.37E+0  8.00E+0 3.53E+0 3.00E+0  136.9  90.0  182.2
025  1.53E-3 -1.13E+1  1.18E+1  8.00E+0 3.53E+0 3.00E+0  136.9  90.0  182.2
026  4.69E-3 -1.39E+1  1.42E+1  8.00E+0 3.53E+0 3.00E+0  136.9  90.0  182.2
027  2.70E-3 -1.65E+1  1.66E+1  8.00E+0 3.53E+0 3.00E+0  136.9  90.0  182.2
028  1.66E-3 -1.90E+1  1.90E+1  8.00E+0 3.53E+0 3.00E+0  136.9  90.0  182.2
029  9.90E-4 -2.16E+1  2.14E+1  8.00E+0 3.53E+0 3.00E+0  136.9  90.0  182.2
030  8.30E-4 -2.38E+1  2.34E+1  8.00E+0 2.27E+0 3.00E+0  136.9  90.0  182.2
031  2.95E-4  1.15E+1 -9.51E+0  1.10E+1 4.56E+0 4.00E+0  136.7  90.0  182.2
032  3.25E-4  8.20E+0 -6.39E+0  1.10E+1 4.59E+0 4.00E+0  136.7  90.0  182.2
033  7.68E-4  4.85E+0 -3.27E+0  1.10E+1 4.59E+0 4.00E+0  136.8  90.0  182.2
034  1.59E-3  1.49E+0 -1.46E-1  1.10E+1 4.59E+0 4.00E+0  136.8  90.0  182.2
035  8.42E-4 -1.87E+0  2.98E+0  1.10E+1 4.59E+0 4.00E+0  136.8  90.0  182.2
036  4.49E-4 -5.21E+0  6.11E+0  1.10E+1 4.59E+0 4.00E+0  136.8  90.0  182.2
037  6.94E-4 -8.57E+0  9.23E+0  1.10E+1 4.59E+0 4.00E+0  136.9  90.0  182.2
038  1.12E-3 -1.19E+1  1.24E+1  1.10E+1 4.59E+0 4.00E+0  136.9  90.0  182.2
039  1.87E-3 -1.53E+1  1.55E+1  1.10E+1 4.59E+0 4.00E+0  136.9  90.0  182.2
040  1.98E-4 -1.86E+1  1.86E+1  1.10E+1 4.59E+0 4.00E+0  136.9  90.0  182.2
041  1.06E-3 -2.24E+1  2.22E+1  1.10E+1 5.84E+0 4.00E+0  136.9  90.0  182.2
042  8.29E-4  1.59E+1 -1.26E+1  0.00E+0 1.04E+0 2.00E+0  138.9  84.0  182.2
043  3.06E-4  1.51E+1 -1.19E+1  0.00E+0 1.10E+0 2.00E+0  138.9  84.0  182.2
044  2.68E-4  1.42E+1 -1.12E+1  0.00E+0 1.10E+0 2.00E+0  139.0  84.0  182.2
045  1.36E-3  1.34E+1 -1.05E+1  0.00E+0 1.10E+0 2.00E+0  139.0  84.0  182.2
046  2.48E-4  1.26E+1 -9.79E+0  0.00E+0 1.10E+0 2.00E+0  139.0  84.0  182.2
047  8.46E-4  1.17E+1 -9.06E+0  0.00E+0 1.10E+0 2.00E+0  139.0  84.0  182.2
048  1.58E-3  1.09E+1 -8.35E+0  0.00E+0 1.10E+0 2.00E+0  139.0  84.0  182.2
049  9.85E-5  9.59E+0 -7.22E+0  0.00E+0 2.36E+0 2.00E+0  139.0  84.0  182.2
050  3.67E-4  1.52E+1 -1.24E+1  1.99E+0 2.31E+0 3.00E+0  138.9  84.0  182.2
051  2.40E-3  1.36E+1 -1.10E+1  1.99E+0 2.07E+0 3.00E+0  139.0  84.0  182.2
052  9.41E-4  1.20E+1 -9.66E+0  1.99E+0 2.07E+0 3.00E+0  139.0  84.0  182.2
053  3.53E-3  9.89E+0 -7.82E+0  1.99E+0 3.58E+0 3.00E+0  139.0  84.0  182.2
054  1.17E-3  8.28E+0 -5.59E+0  0.00E+0 1.97E+0 2.00E+0  111.3  79.0  182.2
055  4.60E-3  7.99E+0 -5.98E+0  1.96E+0 1.97E+0 3.00E+0  111.3  79.0  182.2
056  8.85E-4  7.46E+0 -4.35E+0  0.00E+0 1.14E+0 2.00E+0  144.1  79.0  182.2
057  5.78E-4  5.64E+0 -3.05E+0  0.00E+0 3.34E+0 2.00E+0  144.1  79.0  182.2
058  3.61E-3  6.75E+0 -4.43E+0  1.96E+0 2.15E+0 3.00E+0  144.1  79.0  182.2
059  5.48E-3  4.93E+0 -3.12E+0  1.96E+0 2.32E+0 3.00E+0  144.1  79.0  182.2
060  1.78E-3  3.85E+0 -1.72E+0  0.00E+0 1.19E+0 2.00E+0  340.1  90.0  182.2
061  2.27E-3  2.28E+0 -1.16E+0  0.00E+0 2.14E+0 2.00E+0  340.1  90.0  182.2
062  2.62E-4 -1.44E-1 -2.99E-1  0.00E+0 3.01E+0 2.00E+0  340.1  90.0  182.2
063  8.14E-4  3.22E+0 -1.50E+0  2.00E+0 2.51E+0 3.00E+0  340.1  90.0  182.2
064  5.45E-3  2.34E-1 -4.41E-1  2.00E+0 3.83E+0 3.00E+0  340.1  90.0  182.2
065  3.17E-3 -1.83E+0  8.93E-1  0.00E+0 1.27E+0 2.00E+0  329.4  62.0  182.2
066  2.85E-3 -2.98E+0  1.58E+0  0.00E+0 1.43E+0 2.00E+0  329.4  62.0  182.2
067  4.11E-3 -4.22E+0  2.30E+0  0.00E+0 1.43E+0 2.00E+0  329.4  62.0  182.2
068  4.43E-3 -6.09E+0  3.40E+0  0.00E+0 2.93E+0 2.00E+0  329.4  62.0  182.2
069  1.38E-3 -1.56E+0  2.09E+0  1.77E+0 2.34E+0 3.00E+0  329.4  62.0  182.2
070  2.69E-3 -4.61E+0  3.87E+0  1.77E+0 4.72E+0 3.00E+0  329.4  62.0  182.2
071  3.70E-3 -7.74E+0  4.60E+0  0.00E+0 1.20E+0 2.00E+0  310.0  61.0  182.2
072  2.85E-3 -8.86E+0  5.94E+0  0.00E+0 2.29E+0 2.00E+0  310.0  61.0  182.2
073  1.02E-3 -7.28E+0  5.91E+0  1.75E+0 2.11E+0 3.00E+0  310.0  61.0  182.2
074  1.44E-4 -8.41E+0  7.24E+0  1.75E+0 1.38E+0 3.00E+0  310.0  61.0  182.2
075  3.94E-3 -1.00E+1  7.24E+0  0.00E+0 1.24E+0 2.00E+0  313.1  63.0  182.2
076  1.61E-4 -1.16E+1  8.93E+0  0.00E+0 3.39E+0 2.00E+0  313.1  63.0  182.2
077  9.83E-4 -9.67E+0  8.47E+0  1.78E+0 2.17E+0 3.00E+0  313.1  63.0  182.2
078  2.22E-3 -1.12E+1  1.02E+1  1.78E+0 2.45E+0 3.00E+0  313.1  63.0  182.2
079  3.97E-4 -1.30E+1  1.06E+1  0.00E+0 1.00E+0 2.00E+0  284.8  67.0  182.2
080  9.65E-4 -1.33E+1  1.17E+1  0.00E+0 1.34E+0 2.00E+0  284.8  67.0  182.2
081  3.74E-4 -1.25E+1  1.20E+1  1.84E+0 2.34E+0 3.00E+0  284.8  67.0  182.2
082  2.06E-4 -1.40E+1  1.27E+1  0.00E+0 1.23E+0 2.00E+0  312.4  79.0  182.2
083  2.37E-4 -1.48E+1  1.36E+1  0.00E+0 1.26E+0 2.00E+0  312.4  79.0  182.2
084  4.59E-4 -1.63E+1  1.51E+1  0.00E+0 3.00E+0 2.00E+0  312.4  79.0  182.2
085  2.24E-3 -1.40E+1  1.34E+1  1.96E+0 2.16E+0 3.00E+0  312.4  79.0  182.2
086  9.52E-4 -1.58E+1  1.54E+1  1.96E+0 3.32E+0 3.00E+0  312.4  79.0  182.2
087  3.34E-3 -1.77E+1  1.66E+1  0.00E+0 1.13E+0 2.00E+0  323.9  80.0  182.2
088  1.51E-3 -1.89E+1  1.74E+1  0.00E+0 1.89E+0 2.00E+0  323.9  80.0  182.2
089  2.00E-3 -1.82E+1  1.75E+1  1.97E+0 3.02E+0 3.00E+0  323.9  80.0  182.2
090  4.66E-3 -2.01E+1  1.84E+1  0.00E+0 1.19E+0 2.00E+0  309.9  82.0  182.2
091  1.95E-3 -2.09E+1  1.94E+1  0.00E+0 1.22E+0 2.00E+0  309.9  82.0  182.2
092  9.83E-5 -2.17E+1  2.03E+1  0.00E+0 1.22E+0 2.00E+0  309.9  82.0  182.2
093  1.31E-3 -2.25E+1  2.12E+1  0.00E+0 1.22E+0 2.00E+0  309.9  82.0  182.2
094  1.97E-3 -2.32E+1  2.22E+1  0.00E+0 1.22E+0 2.00E+0  309.9  82.0  182.2
095  4.52E-4 -2.42E+1  2.33E+1  0.00E+0 1.88E+0 2.00E+0  309.9  82.0  182.2
096  4.05E-4 -2.02E+1  1.91E+1  1.98E+0 2.11E+0 3.00E+0  309.9  82.0  182.2
097  1.31E-3 -2.16E+1  2.07E+1  1.98E+0 2.13E+0 3.00E+0  309.9  82.0  182.2
098  1.18E-3 -2.34E+1  2.29E+1  1.98E+0 3.70E+0 3.00E+0  310.0  82.0  182.2
099  3.47E-3 -5.69E-1  3.86E-1  0.00E+0 1.63E+0 2.00E+0  315.5  82.0  182.2
100  3.33E-3 -1.70E+0  1.47E+0  0.00E+0 1.51E+0 2.00E+0  315.5  82.0  182.2
101  7.08E-4 -2.78E+0  2.53E+0  0.00E+0 1.51E+0 2.00E+0  315.5  82.0  182.2
102  4.83E-3 -1.35E+1  1.09E+1  0.00E+0 1.75E+0 2.00E+0  316.5  66.0  182.2
103  3.14E-3 -1.48E+1  1.21E+1  0.00E+0 1.76E+0 2.00E+0  316.5  66.0  182.2
104  2.53E-3 -1.61E+1  1.33E+1  0.00E+0 1.76E+0 2.00E+0  316.6  66.0  182.2
105  1.74E-3 -1.74E+1  1.45E+1  0.00E+0 1.76E+0 2.00E+0  316.6  66.0  182.2
106  1.57E-3 -1.87E+1  1.57E+1  0.00E+0 1.76E+0 2.00E+0  316.6  66.0  182.2
107  4.82E-4 -2.01E+1  1.67E+1  0.00E+0 1.78E+0 2.00E+0  332.8  66.0  182.2
108  4.25E-4 -2.16E+1  1.75E+1  0.00E+0 1.70E+0 2.00E+0  327.6  66.0  182.2
109  1.40E-3 -2.28E+1  1.85E+1  0.00E+0 1.46E+0 2.00E+0  311.9  66.0  182.2
110  1.78E-4  7.86E+0 -5.94E+0  0.00E+0 1.84E+0 2.00E+0  343.4  82.0  182.2
111  3.66E-4  6.12E+0 -5.32E+0  0.00E+0 1.87E+0 2.00E+0  337.0  82.0  182.2
112  5.82E-4  4.66E+0 -4.33E+0  0.00E+0 1.72E+0 2.00E+0  312.9  82.0  182.2
113  1.48E-3  3.49E+0 -3.08E+0  0.00E+0 1.72E+0 2.00E+0  313.0  82.0  182.2
114  6.29E-4  2.16E+0 -1.66E+0  0.00E+0 2.17E+0 2.00E+0  313.0  82.0  182.2
115  6.41E-3  7.63E+0 -5.53E+0  1.98E+0 2.76E+0 3.00E+0  343.4  82.0  182.2
116  2.27E-4  5.27E+0 -4.25E+0  1.98E+0 2.75E+0 3.00E+0  319.2  82.0  182.2
117  2.43E-3  2.93E+0 -1.98E+0  1.98E+0 3.79E+0 3.00E+0  313.0  82.0  182.2
# ----------------------------------------------------------------------------
# number of coseismic tensile segments
    0
# number of coseismic dilatation point sources
    0
# number of surface loads
    0
# max sampling size (hor.,vert.): 4.00E-1 8.00E-1
# ----------------------------------------------------------------------------
coseismic event 001
 I  |   Dt   | tm(ve) | tm(pl) | tm(as) |     t/tmax     | power  |  C:E^i | 
000* 0.00E+00 0.00E+00 0.00E+00 0.00E+00 0.00E+00/2.00E+0 0.00E+00 1.45E+10
coseismic event 002
 I  |   Dt   | tm(ve) | tm(pl) | tm(as) |     t/tmax     | power  |  C:E^i | 
001* 1.00E+00 1.00E+07 1.00E+07 1.00E+07 1.00E+00/2.00E+0 0.00E+00 7.13E+10
002* 1.00E+00 1.00E+07 1.00E+07 1.00E+07 2.00E+00/2.00E+0 0.00E+00 7.13E+10
