# ----------------------------------------------------------------------------
# RELAX: nonlinear postseismic relaxation with Fourier-domain Green's function
#     * FFTW3 implementation of the FFT
#     * parallel OpenMP implementation with 004/008 threads
#     * export to longitude/latitude text format cancelled (--no-proj-output)
#     * export to VTK format cancelled                     (--no-vtk-output)
# ----------------------------------------------------------------------------
# grid dimension (sx1,sx2,sx3)
 1024 1024  256
# sampling (dx1,dx2,dx3), smoothing (beta, nyquist)
  4.00E-1  4.00E-1  4.00E-1  2.00E-1  1.00E+0
# origin position (x0,y0) and rotation
  0.00E+0  0.00E+0  0.00E+0
# observation depth (displacement and stress)
  0.00E+0  8.00E+0
# output directory
 ../../output_coseismic_dposition/out2 (time report: ../../output_coseismic_dposition/out2/time.txt)
# lambda, mu, gamma (gamma = (1 - nu) rho g / mu)
  3.29E+10  3.45E+10  5.89E-04
# time interval, (positive time step) or (negative skip, scaling)
  2 1
# output every   1.00E+0 time unit
# number of observation planes
    0
# number of observation points
  609
# ----------------------------------------------------------------------------
# n name       x1       x2       x3 (name is a 4-character string)
# ----------------------------------------------------------------------------
001 0001 -9.49E-1  2.38E+0  5.70E+0
002 0002 -4.49E-1  2.38E+0  5.70E+0
003 0003 -9.49E-1  2.88E+0  5.70E+0
004 0004 -9.49E-1  2.38E+0  6.20E+0
005 0005 -1.45E+0  2.38E+0  5.70E+0
006 0006 -9.49E-1  1.88E+0  5.70E+0
007 0007 -9.49E-1  2.38E+0  5.20E+0
008 0008 -9.29E+0  4.73E+0  2.90E+0
009 0009 -8.79E+0  4.73E+0  2.90E+0
010 0010 -9.29E+0  5.23E+0  2.90E+0
011 0011 -9.29E+0  4.73E+0  3.40E+0
012 0012 -9.79E+0  4.73E+0  2.90E+0
013 0013 -9.29E+0  4.23E+0  2.90E+0
014 0014 -9.29E+0  4.73E+0  2.40E+0
015 0015 -8.26E+0  4.04E+0  2.56E+0
016 0016 -7.76E+0  4.04E+0  2.56E+0
017 0017 -8.26E+0  4.54E+0  2.56E+0
018 0018 -8.26E+0  4.04E+0  3.06E+0
019 0019 -8.76E+0  4.04E+0  2.56E+0
020 0020 -8.26E+0  3.54E+0  2.56E+0
021 0021 -8.26E+0  4.04E+0  2.06E+0
022 0022 -4.47E+0  1.73E+0  1.89E+0
023 0023 -3.97E+0  1.73E+0  1.89E+0
024 0024 -4.47E+0  2.23E+0  1.89E+0
025 0025 -4.47E+0  1.73E+0  2.39E+0
026 0026 -4.97E+0  1.73E+0  1.89E+0
027 0027 -4.47E+0  1.23E+0  1.89E+0
028 0028 -4.47E+0  1.73E+0  1.39E+0
029 0029 -8.74E+0  5.51E+0  2.35E+0
030 0030 -8.24E+0  5.51E+0  2.35E+0
031 0031 -8.74E+0  6.01E+0  2.35E+0
032 0032 -8.74E+0  5.51E+0  2.85E+0
033 0033 -9.24E+0  5.51E+0  2.35E+0
034 0034 -8.74E+0  5.01E+0  2.35E+0
035 0035 -8.74E+0  5.51E+0  1.85E+0
036 0036  5.51E+0 -3.20E+0  5.68E+0
037 0037  6.01E+0 -3.20E+0  5.68E+0
038 0038  5.51E+0 -2.70E+0  5.68E+0
039 0039  5.51E+0 -3.20E+0  6.18E+0
040 0040  5.01E+0 -3.20E+0  5.68E+0
041 0041  5.51E+0 -3.70E+0  5.68E+0
042 0042  5.51E+0 -3.20E+0  5.18E+0
043 0043 -8.63E+0  2.99E+0  2.48E+0
044 0044 -8.13E+0  2.99E+0  2.48E+0
045 0045 -8.63E+0  3.49E+0  2.48E+0
046 0046 -8.63E+0  2.99E+0  2.98E+0
047 0047 -9.13E+0  2.99E+0  2.48E+0
048 0048 -8.63E+0  2.49E+0  2.48E+0
049 0049 -8.63E+0  2.99E+0  1.98E+0
050 0050 -6.39E+0  1.38E-1  5.49E+0
051 0051 -5.89E+0  1.38E-1  5.49E+0
052 0052 -6.39E+0  6.38E-1  5.49E+0
053 0053 -6.39E+0  1.38E-1  5.99E+0
054 0054 -6.89E+0  1.38E-1  5.49E+0
055 0055 -6.39E+0 -3.62E-1  5.49E+0
056 0056 -6.39E+0  1.38E-1  4.99E+0
057 0057 -6.83E+0  2.18E-1  5.05E+0
058 0058 -6.33E+0  2.18E-1  5.05E+0
059 0059 -6.83E+0  7.18E-1  5.05E+0
060 0060 -6.83E+0  2.18E-1  5.55E+0
061 0061 -7.33E+0  2.18E-1  5.05E+0
062 0062 -6.83E+0 -2.82E-1  5.05E+0
063 0063 -6.83E+0  2.18E-1  4.55E+0
064 0064 -4.14E+0  1.94E+0  2.53E+0
065 0065 -3.64E+0  1.94E+0  2.53E+0
066 0066 -4.14E+0  2.44E+0  2.53E+0
067 0067 -4.14E+0  1.94E+0  3.03E+0
068 0068 -4.64E+0  1.94E+0  2.53E+0
069 0069 -4.14E+0  1.44E+0  2.53E+0
070 0070 -4.14E+0  1.94E+0  2.03E+0
071 0071 -7.83E+0  3.87E+0  5.61E+0
072 0072 -7.33E+0  3.87E+0  5.61E+0
073 0073 -7.83E+0  4.37E+0  5.61E+0
074 0074 -7.83E+0  3.87E+0  6.11E+0
075 0075 -8.33E+0  3.87E+0  5.61E+0
076 0076 -7.83E+0  3.37E+0  5.61E+0
077 0077 -7.83E+0  3.87E+0  5.11E+0
078 0078 -1.50E+0  1.65E-1  4.40E+0
079 0079 -9.99E-1  1.65E-1  4.40E+0
080 0080 -1.50E+0  6.65E-1  4.40E+0
081 0081 -1.50E+0  1.65E-1  4.90E+0
082 0082 -2.00E+0  1.65E-1  4.40E+0
083 0083 -1.50E+0 -3.35E-1  4.40E+0
084 0084 -1.50E+0  1.65E-1  3.90E+0
085 0085 -5.25E+0  3.36E+0  2.39E+0
086 0086 -4.75E+0  3.36E+0  2.39E+0
087 0087 -5.25E+0  3.86E+0  2.39E+0
088 0088 -5.25E+0  3.36E+0  2.89E+0
089 0089 -5.75E+0  3.36E+0  2.39E+0
090 0090 -5.25E+0  2.86E+0  2.39E+0
091 0091 -5.25E+0  3.36E+0  1.89E+0
092 0092 -1.19E+1  6.77E+0  4.91E+0
093 0093 -1.14E+1  6.77E+0  4.91E+0
094 0094 -1.19E+1  7.27E+0  4.91E+0
095 0095 -1.19E+1  6.77E+0  5.41E+0
096 0096 -1.24E+1  6.77E+0  4.91E+0
097 0097 -1.19E+1  6.27E+0  4.91E+0
098 0098 -1.19E+1  6.77E+0  4.41E+0
099 0099  1.12E+0  2.47E+0  9.42E-1
100 0100  1.62E+0  2.47E+0  9.42E-1
101 0101  1.12E+0  2.97E+0  9.42E-1
102 0102  1.12E+0  2.47E+0  1.44E+0
103 0103  6.17E-1  2.47E+0  9.42E-1
104 0104  1.12E+0  1.97E+0  9.42E-1
105 0105  1.12E+0  2.47E+0  4.42E-1
106 0106  9.17E-1  2.36E+0  1.17E+0
107 0107  1.42E+0  2.36E+0  1.17E+0
108 0108  9.17E-1  2.86E+0  1.17E+0
109 0109  9.17E-1  2.36E+0  1.67E+0
110 0110  4.17E-1  2.36E+0  1.17E+0
111 0111  9.17E-1  1.86E+0  1.17E+0
112 0112  9.17E-1  2.36E+0  6.71E-1
113 0113  9.77E-1  2.34E+0  1.35E+0
114 0114  1.48E+0  2.34E+0  1.35E+0
115 0115  9.77E-1  2.84E+0  1.35E+0
116 0116  9.77E-1  2.34E+0  1.85E+0
117 0117  4.77E-1  2.34E+0  1.35E+0
118 0118  9.77E-1  1.84E+0  1.35E+0
119 0119  9.77E-1  2.34E+0  8.51E-1
120 0120  4.28E+0  2.08E+0  7.68E-1
121 0121  4.78E+0  2.08E+0  7.68E-1
122 0122  4.28E+0  2.58E+0  7.68E-1
123 0123  4.28E+0  2.08E+0  1.27E+0
124 0124  3.78E+0  2.08E+0  7.68E-1
125 0125  4.28E+0  1.58E+0  7.68E-1
126 0126  4.28E+0  2.08E+0  2.68E-1
127 0127 -9.43E+0  4.03E+0  4.41E+0
128 0128 -8.93E+0  4.03E+0  4.41E+0
129 0129 -9.43E+0  4.53E+0  4.41E+0
130 0130 -9.43E+0  4.03E+0  4.91E+0
131 0131 -9.93E+0  4.03E+0  4.41E+0
132 0132 -9.43E+0  3.53E+0  4.41E+0
133 0133 -9.43E+0  4.03E+0  3.91E+0
134 0134 -6.32E+0 -6.08E-1  6.00E+0
135 0135 -5.82E+0 -6.08E-1  6.00E+0
136 0136 -6.32E+0 -1.08E-1  6.00E+0
137 0137 -6.32E+0 -6.08E-1  6.50E+0
138 0138 -6.82E+0 -6.08E-1  6.00E+0
139 0139 -6.32E+0 -1.11E+0  6.00E+0
140 0140 -6.32E+0 -6.08E-1  5.50E+0
141 0141  4.61E+0  1.98E+0  1.55E+0
142 0142  5.11E+0  1.98E+0  1.55E+0
143 0143  4.61E+0  2.48E+0  1.55E+0
144 0144  4.61E+0  1.98E+0  2.05E+0
145 0145  4.11E+0  1.98E+0  1.55E+0
146 0146  4.61E+0  1.48E+0  1.55E+0
147 0147  4.61E+0  1.98E+0  1.05E+0
148 0148 -5.87E+0  5.81E+0  2.44E+0
149 0149 -5.37E+0  5.81E+0  2.44E+0
150 0150 -5.87E+0  6.31E+0  2.44E+0
151 0151 -5.87E+0  5.81E+0  2.94E+0
152 0152 -6.37E+0  5.81E+0  2.44E+0
153 0153 -5.87E+0  5.31E+0  2.44E+0
154 0154 -5.87E+0  5.81E+0  1.95E+0
155 0155  1.05E+0  2.42E+0  1.94E+0
156 0156  1.55E+0  2.42E+0  1.94E+0
157 0157  1.05E+0  2.92E+0  1.94E+0
158 0158  1.05E+0  2.42E+0  2.44E+0
159 0159  5.52E-1  2.42E+0  1.94E+0
160 0160  1.05E+0  1.92E+0  1.94E+0
161 0161  1.05E+0  2.42E+0  1.44E+0
162 0162 -3.47E+0  1.53E+0  2.88E+0
163 0163 -2.97E+0  1.53E+0  2.88E+0
164 0164 -3.47E+0  2.03E+0  2.88E+0
165 0165 -3.47E+0  1.53E+0  3.38E+0
166 0166 -3.97E+0  1.53E+0  2.88E+0
167 0167 -3.47E+0  1.03E+0  2.88E+0
168 0168 -3.47E+0  1.53E+0  2.38E+0
169 0169 -8.22E+0  2.59E+0  2.12E+0
170 0170 -7.72E+0  2.59E+0  2.12E+0
171 0171 -8.22E+0  3.09E+0  2.12E+0
172 0172 -8.22E+0  2.59E+0  2.62E+0
173 0173 -8.72E+0  2.59E+0  2.12E+0
174 0174 -8.22E+0  2.09E+0  2.12E+0
175 0175 -8.22E+0  2.59E+0  1.62E+0
176 0176  2.94E-1 -8.00E-1  4.52E+0
177 0177  7.94E-1 -8.00E-1  4.52E+0
178 0178  2.94E-1 -3.00E-1  4.52E+0
179 0179  2.94E-1 -8.00E-1  5.02E+0
180 0180 -2.06E-1 -8.00E-1  4.52E+0
181 0181  2.94E-1 -1.30E+0  4.52E+0
182 0182  2.94E-1 -8.00E-1  4.02E+0
183 0183 -5.41E+0  1.23E+0  3.58E+0
184 0184 -4.91E+0  1.23E+0  3.58E+0
185 0185 -5.41E+0  1.73E+0  3.58E+0
186 0186 -5.41E+0  1.23E+0  4.08E+0
187 0187 -5.91E+0  1.23E+0  3.58E+0
188 0188 -5.41E+0  7.35E-1  3.58E+0
189 0189 -5.41E+0  1.23E+0  3.08E+0
190 0190 -5.49E+0  1.34E+0  3.63E+0
191 0191 -4.99E+0  1.34E+0  3.63E+0
192 0192 -5.49E+0  1.84E+0  3.63E+0
193 0193 -5.49E+0  1.34E+0  4.13E+0
194 0194 -5.99E+0  1.34E+0  3.63E+0
195 0195 -5.49E+0  8.35E-1  3.63E+0
196 0196 -5.49E+0  1.34E+0  3.13E+0
197 0197 -5.53E+0  1.39E+0  3.65E+0
198 0198 -5.03E+0  1.39E+0  3.65E+0
199 0199 -5.53E+0  1.89E+0  3.65E+0
200 0200 -5.53E+0  1.39E+0  4.15E+0
201 0201 -6.03E+0  1.39E+0  3.65E+0
202 0202 -5.53E+0  8.87E-1  3.65E+0
203 0203 -5.53E+0  1.39E+0  3.15E+0
204 0204  2.43E-1  2.29E+0  1.63E+0
205 0205  7.43E-1  2.29E+0  1.63E+0
206 0206  2.43E-1  2.79E+0  1.63E+0
207 0207  2.43E-1  2.29E+0  2.13E+0
208 0208 -2.57E-1  2.29E+0  1.63E+0
209 0209  2.43E-1  1.79E+0  1.63E+0
210 0210  2.43E-1  2.29E+0  1.13E+0
211 0211  1.49E+0  4.45E+0  2.32E+0
212 0212  1.99E+0  4.45E+0  2.32E+0
213 0213  1.49E+0  4.95E+0  2.32E+0
214 0214  1.49E+0  4.45E+0  2.82E+0
215 0215  9.91E-1  4.45E+0  2.32E+0
216 0216  1.49E+0  3.95E+0  2.32E+0
217 0217  1.49E+0  4.45E+0  1.82E+0
218 0218  1.49E+0 -3.75E+0  6.31E+0
219 0219  1.99E+0 -3.75E+0  6.31E+0
220 0220  1.49E+0 -3.25E+0  6.31E+0
221 0221  1.49E+0 -3.75E+0  6.81E+0
222 0222  9.86E-1 -3.75E+0  6.31E+0
223 0223  1.49E+0 -4.25E+0  6.31E+0
224 0224  1.49E+0 -3.75E+0  5.81E+0
225 0225 -5.06E+0  3.93E+0  2.25E+0
226 0226 -4.56E+0  3.93E+0  2.25E+0
227 0227 -5.06E+0  4.43E+0  2.25E+0
228 0228 -5.06E+0  3.93E+0  2.75E+0
229 0229 -5.56E+0  3.93E+0  2.25E+0
230 0230 -5.06E+0  3.43E+0  2.25E+0
231 0231 -5.06E+0  3.93E+0  1.75E+0
232 0232  1.70E+0  2.58E+0  3.52E+0
233 0233  2.20E+0  2.58E+0  3.52E+0
234 0234  1.70E+0  3.08E+0  3.52E+0
235 0235  1.70E+0  2.58E+0  4.02E+0
236 0236  1.20E+0  2.58E+0  3.52E+0
237 0237  1.70E+0  2.08E+0  3.52E+0
238 0238  1.70E+0  2.58E+0  3.02E+0
239 0239 -4.86E+0  1.36E+0  2.98E+0
240 0240 -4.36E+0  1.36E+0  2.98E+0
241 0241 -4.86E+0  1.86E+0  2.98E+0
242 0242 -4.86E+0  1.36E+0  3.48E+0
243 0243 -5.36E+0  1.36E+0  2.98E+0
244 0244 -4.86E+0  8.59E-1  2.98E+0
245 0245 -4.86E+0  1.36E+0  2.48E+0
246 0246 -5.09E+0  1.61E+0  4.25E+0
247 0247 -4.59E+0  1.61E+0  4.25E+0
248 0248 -5.09E+0  2.11E+0  4.25E+0
249 0249 -5.09E+0  1.61E+0  4.75E+0
250 0250 -5.59E+0  1.61E+0  4.25E+0
251 0251 -5.09E+0  1.11E+0  4.25E+0
252 0252 -5.09E+0  1.61E+0  3.75E+0
253 0253 -2.27E+0 -2.60E+0  6.45E+0
254 0254 -1.77E+0 -2.60E+0  6.45E+0
255 0255 -2.27E+0 -2.10E+0  6.45E+0
256 0256 -2.27E+0 -2.60E+0  6.95E+0
257 0257 -2.77E+0 -2.60E+0  6.45E+0
258 0258 -2.27E+0 -3.10E+0  6.45E+0
259 0259 -2.27E+0 -2.60E+0  5.95E+0
260 0260  1.73E+0  2.54E+0  1.62E+0
261 0261  2.23E+0  2.54E+0  1.62E+0
262 0262  1.73E+0  3.04E+0  1.62E+0
263 0263  1.73E+0  2.54E+0  2.12E+0
264 0264  1.23E+0  2.54E+0  1.62E+0
265 0265  1.73E+0  2.04E+0  1.62E+0
266 0266  1.73E+0  2.54E+0  1.12E+0
267 0267  1.72E+0  2.49E+0  1.69E+0
268 0268  2.22E+0  2.49E+0  1.69E+0
269 0269  1.72E+0  2.99E+0  1.69E+0
270 0270  1.72E+0  2.49E+0  2.19E+0
271 0271  1.22E+0  2.49E+0  1.69E+0
272 0272  1.72E+0  1.99E+0  1.69E+0
273 0273  1.72E+0  2.49E+0  1.19E+0
274 0274  1.72E+0  2.52E+0  1.67E+0
275 0275  2.22E+0  2.52E+0  1.67E+0
276 0276  1.72E+0  3.02E+0  1.67E+0
277 0277  1.72E+0  2.52E+0  2.17E+0
278 0278  1.22E+0  2.52E+0  1.67E+0
279 0279  1.72E+0  2.02E+0  1.67E+0
280 0280  1.72E+0  2.52E+0  1.17E+0
281 0281  2.46E+0 -4.84E+0  7.70E+0
282 0282  2.96E+0 -4.84E+0  7.70E+0
283 0283  2.46E+0 -4.34E+0  7.70E+0
284 0284  2.46E+0 -4.84E+0  8.20E+0
285 0285  1.96E+0 -4.84E+0  7.70E+0
286 0286  2.46E+0 -5.34E+0  7.70E+0
287 0287  2.46E+0 -4.84E+0  7.20E+0
288 0288 -3.86E+0  1.41E+0  3.20E+0
289 0289 -3.36E+0  1.41E+0  3.20E+0
290 0290 -3.86E+0  1.91E+0  3.20E+0
291 0291 -3.86E+0  1.41E+0  3.70E+0
292 0292 -4.36E+0  1.41E+0  3.20E+0
293 0293 -3.86E+0  9.09E-1  3.20E+0
294 0294 -3.86E+0  1.41E+0  2.70E+0
295 0295  1.19E+0  6.94E+0  7.31E-1
296 0296  1.69E+0  6.94E+0  7.31E-1
297 0297  1.19E+0  7.44E+0  7.31E-1
298 0298  1.19E+0  6.94E+0  1.23E+0
299 0299  6.93E-1  6.94E+0  7.31E-1
300 0300  1.19E+0  6.44E+0  7.31E-1
301 0301  1.19E+0  6.94E+0  2.31E-1
302 0302 -8.22E+0  3.58E+0  2.74E+0
303 0303 -7.72E+0  3.58E+0  2.74E+0
304 0304 -8.22E+0  4.08E+0  2.74E+0
305 0305 -8.22E+0  3.58E+0  3.24E+0
306 0306 -8.72E+0  3.58E+0  2.74E+0
307 0307 -8.22E+0  3.08E+0  2.74E+0
308 0308 -8.22E+0  3.58E+0  2.24E+0
309 0309 -5.26E+0  1.66E+0  3.97E+0
310 0310 -4.76E+0  1.66E+0  3.97E+0
311 0311 -5.26E+0  2.16E+0  3.97E+0
312 0312 -5.26E+0  1.66E+0  4.47E+0
313 0313 -5.76E+0  1.66E+0  3.97E+0
314 0314 -5.26E+0  1.16E+0  3.97E+0
315 0315 -5.26E+0  1.66E+0  3.47E+0
316 0316 -5.19E+0  1.83E+0  3.93E+0
317 0317 -4.69E+0  1.83E+0  3.93E+0
318 0318 -5.19E+0  2.33E+0  3.93E+0
319 0319 -5.19E+0  1.83E+0  4.43E+0
320 0320 -5.69E+0  1.83E+0  3.93E+0
321 0321 -5.19E+0  1.33E+0  3.93E+0
322 0322 -5.19E+0  1.83E+0  3.43E+0
323 0323 -4.82E+0  1.78E+0  2.64E+0
324 0324 -4.32E+0  1.78E+0  2.64E+0
325 0325 -4.82E+0  2.28E+0  2.64E+0
326 0326 -4.82E+0  1.78E+0  3.14E+0
327 0327 -5.32E+0  1.78E+0  2.64E+0
328 0328 -4.82E+0  1.28E+0  2.64E+0
329 0329 -4.82E+0  1.78E+0  2.14E+0
330 0330 -4.85E+0  1.78E+0  2.51E+0
331 0331 -4.35E+0  1.78E+0  2.51E+0
332 0332 -4.85E+0  2.28E+0  2.51E+0
333 0333 -4.85E+0  1.78E+0  3.01E+0
334 0334 -5.35E+0  1.78E+0  2.51E+0
335 0335 -4.85E+0  1.28E+0  2.51E+0
336 0336 -4.85E+0  1.78E+0  2.01E+0
337 0337 -5.11E+0  1.35E+0  3.95E+0
338 0338 -4.61E+0  1.35E+0  3.95E+0
339 0339 -5.11E+0  1.85E+0  3.95E+0
340 0340 -5.11E+0  1.35E+0  4.45E+0
341 0341 -5.61E+0  1.35E+0  3.95E+0
342 0342 -5.11E+0  8.51E-1  3.95E+0
343 0343 -5.11E+0  1.35E+0  3.45E+0
344 0344 -6.03E+0 -2.59E-1  5.57E+0
345 0345 -5.53E+0 -2.59E-1  5.57E+0
346 0346 -6.03E+0  2.41E-1  5.57E+0
347 0347 -6.03E+0 -2.59E-1  6.07E+0
348 0348 -6.53E+0 -2.59E-1  5.57E+0
349 0349 -6.03E+0 -7.59E-1  5.57E+0
350 0350 -6.03E+0 -2.59E-1  5.07E+0
351 0351  8.06E+0 -5.80E+0  5.46E+0
352 0352  8.56E+0 -5.80E+0  5.46E+0
353 0353  8.06E+0 -5.30E+0  5.46E+0
354 0354  8.06E+0 -5.80E+0  5.96E+0
355 0355  7.56E+0 -5.80E+0  5.46E+0
356 0356  8.06E+0 -6.30E+0  5.46E+0
357 0357  8.06E+0 -5.80E+0  4.96E+0
358 0358 -5.90E-1 -7.51E-2  4.59E+0
359 0359 -9.03E-2 -7.51E-2  4.59E+0
360 0360 -5.90E-1  4.25E-1  4.59E+0
361 0361 -5.90E-1 -7.51E-2  5.09E+0
362 0362 -1.09E+0 -7.51E-2  4.59E+0
363 0363 -5.90E-1 -5.75E-1  4.59E+0
364 0364 -5.90E-1 -7.51E-2  4.09E+0
365 0365 -1.64E+1  1.19E+1  4.57E+0
366 0366 -1.59E+1  1.19E+1  4.57E+0
367 0367 -1.64E+1  1.24E+1  4.57E+0
368 0368 -1.64E+1  1.19E+1  5.07E+0
369 0369 -1.69E+1  1.19E+1  4.57E+0
370 0370 -1.64E+1  1.14E+1  4.57E+0
371 0371 -1.64E+1  1.19E+1  4.07E+0
372 0372 -2.36E-1  2.09E-1  4.00E+0
373 0373  2.64E-1  2.09E-1  4.00E+0
374 0374 -2.36E-1  7.09E-1  4.00E+0
375 0375 -2.36E-1  2.09E-1  4.50E+0
376 0376 -7.36E-1  2.09E-1  4.00E+0
377 0377 -2.36E-1 -2.91E-1  4.00E+0
378 0378 -2.36E-1  2.09E-1  3.50E+0
379 0379 -4.00E+0  4.75E+0  2.41E+0
380 0380 -3.50E+0  4.75E+0  2.41E+0
381 0381 -4.00E+0  5.25E+0  2.41E+0
382 0382 -4.00E+0  4.75E+0  2.91E+0
383 0383 -4.50E+0  4.75E+0  2.41E+0
384 0384 -4.00E+0  4.25E+0  2.41E+0
385 0385 -4.00E+0  4.75E+0  1.91E+0
386 0386 -3.80E+0  1.40E+0  2.49E+0
387 0387 -3.30E+0  1.40E+0  2.49E+0
388 0388 -3.80E+0  1.90E+0  2.49E+0
389 0389 -3.80E+0  1.40E+0  2.99E+0
390 0390 -4.30E+0  1.40E+0  2.49E+0
391 0391 -3.80E+0  8.98E-1  2.49E+0
392 0392 -3.80E+0  1.40E+0  1.99E+0
393 0393 -5.45E+0  1.82E+0  2.76E+0
394 0394 -4.95E+0  1.82E+0  2.76E+0
395 0395 -5.45E+0  2.32E+0  2.76E+0
396 0396 -5.45E+0  1.82E+0  3.26E+0
397 0397 -5.95E+0  1.82E+0  2.76E+0
398 0398 -5.45E+0  1.32E+0  2.76E+0
399 0399 -5.45E+0  1.82E+0  2.26E+0
400 0400 -5.32E+0  1.52E+0  3.64E+0
401 0401 -4.82E+0  1.52E+0  3.64E+0
402 0402 -5.32E+0  2.02E+0  3.64E+0
403 0403 -5.32E+0  1.52E+0  4.14E+0
404 0404 -5.82E+0  1.52E+0  3.64E+0
405 0405 -5.32E+0  1.02E+0  3.64E+0
406 0406 -5.32E+0  1.52E+0  3.14E+0
407 0407  5.77E-1  9.12E-1  2.11E+0
408 0408  1.08E+0  9.12E-1  2.11E+0
409 0409  5.77E-1  1.41E+0  2.11E+0
410 0410  5.77E-1  9.12E-1  2.61E+0
411 0411  7.66E-2  9.12E-1  2.11E+0
412 0412  5.77E-1  4.12E-1  2.11E+0
413 0413  5.77E-1  9.12E-1  1.61E+0
414 0414 -1.55E+1  1.12E+1  5.09E+0
415 0415 -1.50E+1  1.12E+1  5.09E+0
416 0416 -1.55E+1  1.17E+1  5.09E+0
417 0417 -1.55E+1  1.12E+1  5.59E+0
418 0418 -1.60E+1  1.12E+1  5.09E+0
419 0419 -1.55E+1  1.07E+1  5.09E+0
420 0420 -1.55E+1  1.12E+1  4.59E+0
421 0421 -1.53E+1  1.09E+1  5.23E+0
422 0422 -1.48E+1  1.09E+1  5.23E+0
423 0423 -1.53E+1  1.14E+1  5.23E+0
424 0424 -1.53E+1  1.09E+1  5.73E+0
425 0425 -1.58E+1  1.09E+1  5.23E+0
426 0426 -1.53E+1  1.04E+1  5.23E+0
427 0427 -1.53E+1  1.09E+1  4.73E+0
428 0428 -8.50E+0  1.18E+0  6.15E+0
429 0429 -8.00E+0  1.18E+0  6.15E+0
430 0430 -8.50E+0  1.68E+0  6.15E+0
431 0431 -8.50E+0  1.18E+0  6.65E+0
432 0432 -9.00E+0  1.18E+0  6.15E+0
433 0433 -8.50E+0  6.82E-1  6.15E+0
434 0434 -8.50E+0  1.18E+0  5.65E+0
435 0435  7.53E+0 -4.29E+0  5.88E+0
436 0436  8.03E+0 -4.29E+0  5.88E+0
437 0437  7.53E+0 -3.79E+0  5.88E+0
438 0438  7.53E+0 -4.29E+0  6.38E+0
439 0439  7.03E+0 -4.29E+0  5.88E+0
440 0440  7.53E+0 -4.79E+0  5.88E+0
441 0441  7.53E+0 -4.29E+0  5.38E+0
442 0442 -5.02E+0  1.99E+0  2.84E+0
443 0443 -4.52E+0  1.99E+0  2.84E+0
444 0444 -5.02E+0  2.49E+0  2.84E+0
445 0445 -5.02E+0  1.99E+0  3.34E+0
446 0446 -5.52E+0  1.99E+0  2.84E+0
447 0447 -5.02E+0  1.49E+0  2.84E+0
448 0448 -5.02E+0  1.99E+0  2.34E+0
449 0449  1.16E+0  1.02E+0  1.64E+0
450 0450  1.66E+0  1.02E+0  1.64E+0
451 0451  1.16E+0  1.52E+0  1.64E+0
452 0452  1.16E+0  1.02E+0  2.14E+0
453 0453  6.62E-1  1.02E+0  1.64E+0
454 0454  1.16E+0  5.19E-1  1.64E+0
455 0455  1.16E+0  1.02E+0  1.14E+0
456 0456 -3.67E+0  1.49E+0  2.13E+0
457 0457 -3.17E+0  1.49E+0  2.13E+0
458 0458 -3.67E+0  1.99E+0  2.13E+0
459 0459 -3.67E+0  1.49E+0  2.63E+0
460 0460 -4.17E+0  1.49E+0  2.13E+0
461 0461 -3.67E+0  9.89E-1  2.13E+0
462 0462 -3.67E+0  1.49E+0  1.63E+0
463 0463 -1.86E+0  9.05E-1  2.56E+0
464 0464 -1.36E+0  9.05E-1  2.56E+0
465 0465 -1.86E+0  1.40E+0  2.56E+0
466 0466 -1.86E+0  9.05E-1  3.06E+0
467 0467 -2.36E+0  9.05E-1  2.56E+0
468 0468 -1.86E+0  4.05E-1  2.56E+0
469 0469 -1.86E+0  9.05E-1  2.06E+0
470 0470 -4.23E+0  2.61E+0  2.63E+0
471 0471 -3.73E+0  2.61E+0  2.63E+0
472 0472 -4.23E+0  3.11E+0  2.63E+0
473 0473 -4.23E+0  2.61E+0  3.13E+0
474 0474 -4.73E+0  2.61E+0  2.63E+0
475 0475 -4.23E+0  2.11E+0  2.63E+0
476 0476 -4.23E+0  2.61E+0  2.13E+0
477 0477 -4.49E+0 -1.71E-1  3.38E+0
478 0478 -3.99E+0 -1.71E-1  3.38E+0
479 0479 -4.49E+0  3.29E-1  3.38E+0
480 0480 -4.49E+0 -1.71E-1  3.88E+0
481 0481 -4.99E+0 -1.71E-1  3.38E+0
482 0482 -4.49E+0 -6.71E-1  3.38E+0
483 0483 -4.49E+0 -1.71E-1  2.88E+0
484 0484 -1.56E-2  8.34E-1  1.74E+0
485 0485  4.84E-1  8.34E-1  1.74E+0
486 0486 -1.56E-2  1.33E+0  1.74E+0
487 0487 -1.56E-2  8.34E-1  2.24E+0
488 0488 -5.16E-1  8.34E-1  1.74E+0
489 0489 -1.56E-2  3.34E-1  1.74E+0
490 0490 -1.56E-2  8.34E-1  1.24E+0
491 0491 -2.28E+0 -2.69E+0  6.59E+0
492 0492 -1.78E+0 -2.69E+0  6.59E+0
493 0493 -2.28E+0 -2.19E+0  6.59E+0
494 0494 -2.28E+0 -2.69E+0  7.09E+0
495 0495 -2.78E+0 -2.69E+0  6.59E+0
496 0496 -2.28E+0 -3.19E+0  6.59E+0
497 0497 -2.28E+0 -2.69E+0  6.09E+0
498 0498 -7.10E-1  1.91E+0  1.81E+0
499 0499 -2.10E-1  1.91E+0  1.81E+0
500 0500 -7.10E-1  2.41E+0  1.81E+0
501 0501 -7.10E-1  1.91E+0  2.31E+0
502 0502 -1.21E+0  1.91E+0  1.81E+0
503 0503 -7.10E-1  1.41E+0  1.81E+0
504 0504 -7.10E-1  1.91E+0  1.31E+0
505 0505 -2.25E+0 -2.66E+0  6.49E+0
506 0506 -1.75E+0 -2.66E+0  6.49E+0
507 0507 -2.25E+0 -2.16E+0  6.49E+0
508 0508 -2.25E+0 -2.66E+0  6.99E+0
509 0509 -2.75E+0 -2.66E+0  6.49E+0
510 0510 -2.25E+0 -3.16E+0  6.49E+0
511 0511 -2.25E+0 -2.66E+0  5.99E+0
512 0512  7.83E+0 -3.14E+0  6.18E+0
513 0513  8.33E+0 -3.14E+0  6.18E+0
514 0514  7.83E+0 -2.64E+0  6.18E+0
515 0515  7.83E+0 -3.14E+0  6.68E+0
516 0516  7.33E+0 -3.14E+0  6.18E+0
517 0517  7.83E+0 -3.64E+0  6.18E+0
518 0518  7.83E+0 -3.14E+0  5.68E+0
519 0519  4.45E-1  2.24E+0  1.02E+0
520 0520  9.45E-1  2.24E+0  1.02E+0
521 0521  4.45E-1  2.74E+0  1.02E+0
522 0522  4.45E-1  2.24E+0  1.52E+0
523 0523 -5.54E-2  2.24E+0  1.02E+0
524 0524  4.45E-1  1.74E+0  1.02E+0
525 0525  4.45E-1  2.24E+0  5.20E-1
526 0526 -6.05E-1  3.03E-1  4.50E+0
527 0527 -1.05E-1  3.03E-1  4.50E+0
528 0528 -6.05E-1  8.03E-1  4.50E+0
529 0529 -6.05E-1  3.03E-1  5.00E+0
530 0530 -1.10E+0  3.03E-1  4.50E+0
531 0531 -6.05E-1 -1.97E-1  4.50E+0
532 0532 -6.05E-1  3.03E-1  4.00E+0
533 0533  1.69E+0 -2.85E+0  6.70E+0
534 0534  2.19E+0 -2.85E+0  6.70E+0
535 0535  1.69E+0 -2.35E+0  6.70E+0
536 0536  1.69E+0 -2.85E+0  7.20E+0
537 0537  1.19E+0 -2.85E+0  6.70E+0
538 0538  1.69E+0 -3.35E+0  6.70E+0
539 0539  1.69E+0 -2.85E+0  6.20E+0
540 0540  2.76E+0  1.09E+0  3.09E+0
541 0541  3.26E+0  1.09E+0  3.09E+0
542 0542  2.76E+0  1.59E+0  3.09E+0
543 0543  2.76E+0  1.09E+0  3.59E+0
544 0544  2.26E+0  1.09E+0  3.09E+0
545 0545  2.76E+0  5.90E-1  3.09E+0
546 0546  2.76E+0  1.09E+0  2.59E+0
547 0547 -5.21E+0  3.71E+0  2.43E+0
548 0548 -4.71E+0  3.71E+0  2.43E+0
549 0549 -5.21E+0  4.21E+0  2.43E+0
550 0550 -5.21E+0  3.71E+0  2.93E+0
551 0551 -5.71E+0  3.71E+0  2.43E+0
552 0552 -5.21E+0  3.21E+0  2.43E+0
553 0553 -5.21E+0  3.71E+0  1.93E+0
554 0554 -7.65E-1  1.26E+0  2.39E+0
555 0555 -2.65E-1  1.26E+0  2.39E+0
556 0556 -7.65E-1  1.76E+0  2.39E+0
557 0557 -7.65E-1  1.26E+0  2.89E+0
558 0558 -1.26E+0  1.26E+0  2.39E+0
559 0559 -7.65E-1  7.64E-1  2.39E+0
560 0560 -7.65E-1  1.26E+0  1.89E+0
561 0561  2.83E-1 -4.35E-1  4.52E+0
562 0562  7.83E-1 -4.35E-1  4.52E+0
563 0563  2.83E-1  6.53E-2  4.52E+0
564 0564  2.83E-1 -4.35E-1  5.02E+0
565 0565 -2.17E-1 -4.35E-1  4.52E+0
566 0566  2.83E-1 -9.35E-1  4.52E+0
567 0567  2.83E-1 -4.35E-1  4.02E+0
568 0568 -7.83E+0  4.05E+0  5.69E+0
569 0569 -7.33E+0  4.05E+0  5.69E+0
570 0570 -7.83E+0  4.55E+0  5.69E+0
571 0571 -7.83E+0  4.05E+0  6.19E+0
572 0572 -8.33E+0  4.05E+0  5.69E+0
573 0573 -7.83E+0  3.55E+0  5.69E+0
574 0574 -7.83E+0  4.05E+0  5.19E+0
575 0575 -1.80E+0 -1.48E+0  1.63E+0
576 0576 -1.30E+0 -1.48E+0  1.63E+0
577 0577 -1.80E+0 -9.82E-1  1.63E+0
578 0578 -1.80E+0 -1.48E+0  2.13E+0
579 0579 -2.30E+0 -1.48E+0  1.63E+0
580 0580 -1.80E+0 -1.98E+0  1.63E+0
581 0581 -1.80E+0 -1.48E+0  1.13E+0
582 0582 -3.58E+0  5.02E-1  1.14E+0
583 0583 -3.08E+0  5.02E-1  1.14E+0
584 0584 -3.58E+0  1.00E+0  1.14E+0
585 0585 -3.58E+0  5.02E-1  1.64E+0
586 0586 -4.08E+0  5.02E-1  1.14E+0
587 0587 -3.58E+0  2.33E-3  1.14E+0
588 0588 -3.58E+0  5.02E-1  6.36E-1
589 0589 -2.81E+0  6.10E+0  1.79E+0
590 0590 -2.31E+0  6.10E+0  1.79E+0
591 0591 -2.81E+0  6.60E+0  1.79E+0
592 0592 -2.81E+0  6.10E+0  2.29E+0
593 0593 -3.31E+0  6.10E+0  1.79E+0
594 0594 -2.81E+0  5.60E+0  1.79E+0
595 0595 -2.81E+0  6.10E+0  1.29E+0
596 0596 -7.99E+0  4.53E+0  4.71E+0
597 0597 -7.49E+0  4.53E+0  4.71E+0
598 0598 -7.99E+0  5.03E+0  4.71E+0
599 0599 -7.99E+0  4.53E+0  5.21E+0
600 0600 -8.49E+0  4.53E+0  4.71E+0
601 0601 -7.99E+0  4.03E+0  4.71E+0
602 0602 -7.99E+0  4.53E+0  4.21E+0
603 0603 -1.86E+0  7.45E-1  2.45E+0
604 0604 -1.36E+0  7.45E-1  2.45E+0
605 0605 -1.86E+0  1.24E+0  2.45E+0
606 0606 -1.86E+0  7.45E-1  2.95E+0
607 0607 -2.36E+0  7.45E-1  2.45E+0
608 0608 -1.86E+0  2.45E-1  2.45E+0
609 0609 -1.86E+0  7.45E-1  1.95E+0
# number of stress observation segments
    0
# number of prestress interfaces
    0
# number of linear viscous interfaces
    0
# number of nonlinear viscous interfaces
    0
# number of fault creep interfaces
    0
# number of inter-seismic strike-slip segments
    0
# number of inter-seismic tensile segments
    0
# number of events
    3
# number of coseismic strike-slip segments
   49
# ----------------------------------------------------------------------------
# n     slip       xs       ys       zs  length   width strike   dip   rake
# ----------------------------------------------------------------------------
001  0.00E+0  1.01E+0  6.06E+0  1.38E+0 1.00E+0 1.00E+0  152.0  46.0  -83.0
002  0.00E+0  1.25E-1  6.53E+0  1.38E+0 1.00E+0 1.00E+0  152.0  46.0  -83.0
003  0.00E+0 -7.58E-1  7.00E+0  1.38E+0 1.00E+0 1.00E+0  152.0  46.0  -83.0
004  0.00E+0 -1.64E+0  7.47E+0  1.38E+0 1.00E+0 1.00E+0  152.0  46.0  -83.0
005  0.00E+0 -2.52E+0  7.94E+0  1.38E+0 1.00E+0 1.00E+0  152.0  46.0  -83.0
006  0.00E+0 -3.41E+0  8.41E+0  1.38E+0 1.00E+0 1.00E+0  152.0  46.0  -83.0
007  0.00E+0 -4.29E+0  8.88E+0  1.38E+0 1.00E+0 1.00E+0  152.0  46.0  -83.0
008  0.00E+0  6.81E-1  5.45E+0  2.10E+0 1.00E+0 1.00E+0  152.0  46.0  -83.0
009  1.00E-4 -2.02E-1  5.92E+0  2.10E+0 1.00E+0 1.00E+0  152.0  46.0  -83.0
010  0.00E+0 -1.08E+0  6.39E+0  2.10E+0 1.00E+0 1.00E+0  152.0  46.0  -83.0
011  0.00E+0 -1.97E+0  6.86E+0  2.10E+0 1.00E+0 1.00E+0  152.0  46.0  -83.0
012  0.00E+0 -2.85E+0  7.33E+0  2.10E+0 1.00E+0 1.00E+0  152.0  46.0  -83.0
013  0.00E+0 -3.73E+0  7.80E+0  2.10E+0 1.00E+0 1.00E+0  152.0  46.0  -83.0
014  0.00E+0 -4.62E+0  8.26E+0  2.10E+0 1.00E+0 1.00E+0  152.0  46.0  -83.0
015  1.00E-4  3.55E-1  4.83E+0  2.82E+0 1.00E+0 1.00E+0  152.0  46.0  -83.0
016  2.20E-4 -5.28E-1  5.30E+0  2.82E+0 1.00E+0 1.00E+0  152.0  46.0  -83.0
017  1.80E-4 -1.41E+0  5.77E+0  2.82E+0 1.00E+0 1.00E+0  152.0  46.0  -83.0
018  0.00E+0 -2.29E+0  6.24E+0  2.82E+0 1.00E+0 1.00E+0  152.0  46.0  -83.0
019  0.00E+0 -3.18E+0  6.71E+0  2.82E+0 1.00E+0 1.00E+0  152.0  46.0  -83.0
020  0.00E+0 -4.06E+0  7.18E+0  2.82E+0 1.00E+0 1.00E+0  152.0  46.0  -83.0
021  0.00E+0 -4.94E+0  7.65E+0  2.82E+0 1.00E+0 1.00E+0  152.0  46.0  -83.0
022  2.20E-4  2.91E-2  4.22E+0  3.54E+0 1.00E+0 1.00E+0  152.0  46.0  -83.0
023  4.20E-4 -8.54E-1  4.69E+0  3.54E+0 1.00E+0 1.00E+0  152.0  46.0  -83.0
024  3.00E-4 -1.74E+0  5.16E+0  3.54E+0 1.00E+0 1.00E+0  152.0  46.0  -83.0
025  0.00E+0 -2.62E+0  5.63E+0  3.54E+0 1.00E+0 1.00E+0  152.0  46.0  -83.0
026  0.00E+0 -3.50E+0  6.10E+0  3.54E+0 1.00E+0 1.00E+0  152.0  46.0  -83.0
027  0.00E+0 -4.39E+0  6.57E+0  3.54E+0 1.00E+0 1.00E+0  152.0  46.0  -83.0
028  0.00E+0 -5.27E+0  7.04E+0  3.54E+0 1.00E+0 1.00E+0  152.0  46.0  -83.0
029  2.20E-4 -2.97E-1  3.61E+0  4.26E+0 1.00E+0 1.00E+0  152.0  46.0  -83.0
030  6.00E-4 -1.18E+0  4.08E+0  4.26E+0 1.00E+0 1.00E+0  152.0  46.0  -83.0
031  4.60E-4 -2.06E+0  4.55E+0  4.26E+0 1.00E+0 1.00E+0  152.0  46.0  -83.0
032  2.20E-4 -2.95E+0  5.02E+0  4.26E+0 1.00E+0 1.00E+0  152.0  46.0  -83.0
033  1.00E-4 -3.83E+0  5.49E+0  4.26E+0 1.00E+0 1.00E+0  152.0  46.0  -83.0
034  1.00E-4 -4.71E+0  5.96E+0  4.26E+0 1.00E+0 1.00E+0  152.0  46.0  -83.0
035  5.00E-5 -5.59E+0  6.42E+0  4.26E+0 1.00E+0 1.00E+0  152.0  46.0  -83.0
036  2.20E-4 -6.23E-1  2.99E+0  4.98E+0 1.00E+0 1.00E+0  152.0  46.0  -83.0
037  6.00E-4 -1.51E+0  3.46E+0  4.98E+0 1.00E+0 1.00E+0  152.0  46.0  -83.0
038  4.80E-4 -2.39E+0  3.93E+0  4.98E+0 1.00E+0 1.00E+0  152.0  46.0  -83.0
039  3.80E-4 -3.27E+0  4.40E+0  4.98E+0 1.00E+0 1.00E+0  152.0  46.0  -83.0
040  2.10E-4 -4.15E+0  4.87E+0  4.98E+0 1.00E+0 1.00E+0  152.0  46.0  -83.0
041  2.00E-4 -5.04E+0  5.34E+0  4.98E+0 1.00E+0 1.00E+0  152.0  46.0  -83.0
042  1.80E-4 -5.92E+0  5.81E+0  4.98E+0 1.00E+0 1.00E+0  152.0  46.0  -83.0
043  2.00E-4 -9.49E-1  2.38E+0  5.70E+0 1.00E+0 1.00E+0  152.0  46.0  -83.0
044  3.80E-4 -1.83E+0  2.85E+0  5.70E+0 1.00E+0 1.00E+0  152.0  46.0  -83.0
045  3.40E-4 -2.72E+0  3.32E+0  5.70E+0 1.00E+0 1.00E+0  152.0  46.0  -83.0
046  2.80E-4 -3.60E+0  3.79E+0  5.70E+0 1.00E+0 1.00E+0  152.0  46.0  -83.0
047  2.00E-4 -4.48E+0  4.26E+0  5.70E+0 1.00E+0 1.00E+0  152.0  46.0  -83.0
048  2.00E-4 -5.36E+0  4.73E+0  5.70E+0 1.00E+0 1.00E+0  152.0  46.0  -83.0
049  1.20E-4 -6.25E+0  5.20E+0  5.70E+0 1.00E+0 1.00E+0  152.0  46.0  -83.0
# ----------------------------------------------------------------------------
# number of coseismic tensile segments
    0
# number of coseismic dilatation point sources
    0
# number of surface loads
    0
# time of next event
  1.00E+0 (multiple of   1.00E+0)
# number of coseismic strike-slip segments
   84
# ----------------------------------------------------------------------------
# n     slip       xs       ys       zs  length   width strike   dip   rake
# ----------------------------------------------------------------------------
001  3.00E-5  1.28E+1 -2.84E+0  1.02E+0 1.00E+0 1.00E+0  144.0  42.0  -80.0
002  1.00E-4  1.20E+1 -2.26E+0  1.02E+0 1.00E+0 1.00E+0  144.0  42.0  -80.0
003  3.00E-5  1.11E+1 -1.67E+0  1.02E+0 1.00E+0 1.00E+0  144.0  42.0  -80.0
004  0.00E+0  1.03E+1 -1.08E+0  1.02E+0 1.00E+0 1.00E+0  144.0  42.0  -80.0
005  0.00E+0  9.53E+0 -4.94E-1  1.02E+0 1.00E+0 1.00E+0  144.0  42.0  -80.0
006  0.00E+0  8.72E+0  9.40E-2  1.02E+0 1.00E+0 1.00E+0  144.0  42.0  -80.0
007  1.00E-5  7.91E+0  6.82E-1  1.02E+0 1.00E+0 1.00E+0  144.0  42.0  -80.0
008  4.00E-5  7.10E+0  1.27E+0  1.02E+0 1.00E+0 1.00E+0  144.0  42.0  -80.0
009  9.00E-5  6.29E+0  1.86E+0  1.02E+0 1.00E+0 1.00E+0  144.0  42.0  -80.0
010  9.00E-5  5.48E+0  2.45E+0  1.02E+0 1.00E+0 1.00E+0  144.0  42.0  -80.0
011  6.00E-5  4.68E+0  3.03E+0  1.02E+0 1.00E+0 1.00E+0  144.0  42.0  -80.0
012  0.00E+0  3.87E+0  3.62E+0  1.02E+0 1.00E+0 1.00E+0  144.0  42.0  -80.0
013  6.00E-5  1.23E+1 -3.45E+0  1.69E+0 1.00E+0 1.00E+0  144.0  42.0  -80.0
014  2.20E-4  1.15E+1 -2.86E+0  1.69E+0 1.00E+0 1.00E+0  144.0  42.0  -80.0
015  1.80E-4  1.07E+1 -2.27E+0  1.69E+0 1.00E+0 1.00E+0  144.0  42.0  -80.0
016  0.00E+0  9.90E+0 -1.68E+0  1.69E+0 1.00E+0 1.00E+0  144.0  42.0  -80.0
017  0.00E+0  9.09E+0 -1.09E+0  1.69E+0 1.00E+0 1.00E+0  144.0  42.0  -80.0
018  0.00E+0  8.28E+0 -5.07E-1  1.69E+0 1.00E+0 1.00E+0  144.0  42.0  -80.0
019  1.00E-4  7.47E+0  8.06E-2  1.69E+0 1.00E+0 1.00E+0  144.0  42.0  -80.0
020  2.40E-4  6.67E+0  6.68E-1  1.69E+0 1.00E+0 1.00E+0  144.0  42.0  -80.0
021  4.00E-4  5.86E+0  1.26E+0  1.69E+0 1.00E+0 1.00E+0  144.0  42.0  -80.0
022  4.20E-4  5.05E+0  1.84E+0  1.69E+0 1.00E+0 1.00E+0  144.0  42.0  -80.0
023  3.60E-4  4.24E+0  2.43E+0  1.69E+0 1.00E+0 1.00E+0  144.0  42.0  -80.0
024  8.00E-5  3.43E+0  3.02E+0  1.69E+0 1.00E+0 1.00E+0  144.0  42.0  -80.0
025  2.00E-5  1.19E+1 -4.05E+0  2.35E+0 1.00E+0 1.00E+0  144.0  42.0  -80.0
026  8.00E-5  1.11E+1 -3.46E+0  2.35E+0 1.00E+0 1.00E+0  144.0  42.0  -80.0
027  8.00E-5  1.03E+1 -2.87E+0  2.35E+0 1.00E+0 1.00E+0  144.0  42.0  -80.0
028  0.00E+0  9.47E+0 -2.28E+0  2.35E+0 1.00E+0 1.00E+0  144.0  42.0  -80.0
029  0.00E+0  8.66E+0 -1.70E+0  2.35E+0 1.00E+0 1.00E+0  144.0  42.0  -80.0
030  0.00E+0  7.85E+0 -1.11E+0  2.35E+0 1.00E+0 1.00E+0  144.0  42.0  -80.0
031  8.00E-5  7.04E+0 -5.21E-1  2.35E+0 1.00E+0 1.00E+0  144.0  42.0  -80.0
032  4.00E-4  6.23E+0  6.72E-2  2.35E+0 1.00E+0 1.00E+0  144.0  42.0  -80.0
033  7.00E-4  5.42E+0  6.55E-1  2.35E+0 1.00E+0 1.00E+0  144.0  42.0  -80.0
034  7.40E-4  4.61E+0  1.24E+0  2.35E+0 1.00E+0 1.00E+0  144.0  42.0  -80.0
035  6.00E-4  3.80E+0  1.83E+0  2.35E+0 1.00E+0 1.00E+0  144.0  42.0  -80.0
036  3.20E-4  2.99E+0  2.42E+0  2.35E+0 1.00E+0 1.00E+0  144.0  42.0  -80.0
037  0.00E+0  1.15E+1 -4.65E+0  3.02E+0 1.00E+0 1.00E+0  144.0  42.0  -80.0
038  0.00E+0  1.06E+1 -4.06E+0  3.02E+0 1.00E+0 1.00E+0  144.0  42.0  -80.0
039  1.00E-5  9.84E+0 -3.47E+0  3.02E+0 1.00E+0 1.00E+0  144.0  42.0  -80.0
040  4.00E-5  9.03E+0 -2.89E+0  3.02E+0 1.00E+0 1.00E+0  144.0  42.0  -80.0
041  2.00E-5  8.22E+0 -2.30E+0  3.02E+0 1.00E+0 1.00E+0  144.0  42.0  -80.0
042  0.00E+0  7.41E+0 -1.71E+0  3.02E+0 1.00E+0 1.00E+0  144.0  42.0  -80.0
043  8.00E-5  6.60E+0 -1.12E+0  3.02E+0 1.00E+0 1.00E+0  144.0  42.0  -80.0
044  4.20E-4  5.79E+0 -5.34E-1  3.02E+0 1.00E+0 1.00E+0  144.0  42.0  -80.0
045  8.00E-4  4.98E+0  5.37E-2  3.02E+0 1.00E+0 1.00E+0  144.0  42.0  -80.0
046  8.00E-4  4.17E+0  6.42E-1  3.02E+0 1.00E+0 1.00E+0  144.0  42.0  -80.0
047  7.40E-4  3.37E+0  1.23E+0  3.02E+0 1.00E+0 1.00E+0  144.0  42.0  -80.0
048  4.00E-4  2.56E+0  1.82E+0  3.02E+0 1.00E+0 1.00E+0  144.0  42.0  -80.0
049  0.00E+0  1.10E+1 -5.25E+0  3.69E+0 1.00E+0 1.00E+0  144.0  42.0  -80.0
050  0.00E+0  1.02E+1 -4.66E+0  3.69E+0 1.00E+0 1.00E+0  144.0  42.0  -80.0
051  8.00E-5  9.40E+0 -4.07E+0  3.69E+0 1.00E+0 1.00E+0  144.0  42.0  -80.0
052  2.00E-4  8.59E+0 -3.49E+0  3.69E+0 1.00E+0 1.00E+0  144.0  42.0  -80.0
053  2.40E-4  7.78E+0 -2.90E+0  3.69E+0 1.00E+0 1.00E+0  144.0  42.0  -80.0
054  2.60E-4  6.97E+0 -2.31E+0  3.69E+0 1.00E+0 1.00E+0  144.0  42.0  -80.0
055  3.80E-4  6.16E+0 -1.72E+0  3.69E+0 1.00E+0 1.00E+0  144.0  42.0  -80.0
056  6.00E-4  5.36E+0 -1.14E+0  3.69E+0 1.00E+0 1.00E+0  144.0  42.0  -80.0
057  8.00E-4  4.55E+0 -5.47E-1  3.69E+0 1.00E+0 1.00E+0  144.0  42.0  -80.0
058  8.00E-4  3.74E+0  4.03E-2  3.69E+0 1.00E+0 1.00E+0  144.0  42.0  -80.0
059  7.80E-4  2.93E+0  6.28E-1  3.69E+0 1.00E+0 1.00E+0  144.0  42.0  -80.0
060  4.20E-4  2.12E+0  1.22E+0  3.69E+0 1.00E+0 1.00E+0  144.0  42.0  -80.0
061  0.00E+0  1.06E+1 -5.85E+0  4.36E+0 1.00E+0 1.00E+0  144.0  42.0  -80.0
062  0.00E+0  9.77E+0 -5.26E+0  4.36E+0 1.00E+0 1.00E+0  144.0  42.0  -80.0
063  1.20E-4  8.96E+0 -4.68E+0  4.36E+0 1.00E+0 1.00E+0  144.0  42.0  -80.0
064  2.80E-4  8.15E+0 -4.09E+0  4.36E+0 1.00E+0 1.00E+0  144.0  42.0  -80.0
065  4.00E-4  7.35E+0 -3.50E+0  4.36E+0 1.00E+0 1.00E+0  144.0  42.0  -80.0
066  4.60E-4  6.54E+0 -2.91E+0  4.36E+0 1.00E+0 1.00E+0  144.0  42.0  -80.0
067  6.00E-4  5.73E+0 -2.32E+0  4.36E+0 1.00E+0 1.00E+0  144.0  42.0  -80.0
068  6.60E-4  4.92E+0 -1.74E+0  4.36E+0 1.00E+0 1.00E+0  144.0  42.0  -80.0
069  7.60E-4  4.11E+0 -1.15E+0  4.36E+0 1.00E+0 1.00E+0  144.0  42.0  -80.0
070  7.80E-4  3.30E+0 -5.61E-1  4.36E+0 1.00E+0 1.00E+0  144.0  42.0  -80.0
071  7.80E-4  2.49E+0  2.69E-2  4.36E+0 1.00E+0 1.00E+0  144.0  42.0  -80.0
072  4.60E-4  1.68E+0  6.15E-1  4.36E+0 1.00E+0 1.00E+0  144.0  42.0  -80.0
073  0.00E+0  1.01E+1 -6.45E+0  5.03E+0 1.00E+0 1.00E+0  144.0  42.0  -80.0
074  0.00E+0  9.34E+0 -5.86E+0  5.03E+0 1.00E+0 1.00E+0  144.0  42.0  -80.0
075  2.00E-5  8.53E+0 -5.28E+0  5.03E+0 1.00E+0 1.00E+0  144.0  42.0  -80.0
076  2.20E-4  7.72E+0 -4.69E+0  5.03E+0 1.00E+0 1.00E+0  144.0  42.0  -80.0
077  2.80E-4  6.91E+0 -4.10E+0  5.03E+0 1.00E+0 1.00E+0  144.0  42.0  -80.0
078  3.00E-4  6.10E+0 -3.51E+0  5.03E+0 1.00E+0 1.00E+0  144.0  42.0  -80.0
079  4.20E-4  5.29E+0 -2.93E+0  5.03E+0 1.00E+0 1.00E+0  144.0  42.0  -80.0
080  4.20E-4  4.48E+0 -2.34E+0  5.03E+0 1.00E+0 1.00E+0  144.0  42.0  -80.0
081  4.20E-4  3.67E+0 -1.75E+0  5.03E+0 1.00E+0 1.00E+0  144.0  42.0  -80.0
082  4.20E-4  2.86E+0 -1.16E+0  5.03E+0 1.00E+0 1.00E+0  144.0  42.0  -80.0
083  4.20E-4  2.05E+0 -5.74E-1  5.03E+0 1.00E+0 1.00E+0  144.0  42.0  -80.0
084  4.00E-4  1.25E+0  1.34E-2  5.03E+0 1.00E+0 1.00E+0  144.0  42.0  -80.0
# ----------------------------------------------------------------------------
# number of coseismic tensile segments
    0
# number of coseismic dilatation point sources
    0
# number of surface loads
    0
# time of next event
  2.00E+0 (multiple of   1.00E+0)
# number of coseismic strike-slip segments
   54
# ----------------------------------------------------------------------------
# n     slip       xs       ys       zs  length   width strike   dip   rake
# ----------------------------------------------------------------------------
001  2.00E-4 -8.17E+0  7.22E+0  3.02E+0 1.00E+0 1.00E+0  122.0  38.0 -100.0
002  2.40E-4 -8.70E+0  8.07E+0  3.02E+0 1.00E+0 1.00E+0  122.0  38.0 -100.0
003  1.60E-4 -9.23E+0  8.91E+0  3.02E+0 1.00E+0 1.00E+0  122.0  38.0 -100.0
004  8.00E-5 -9.76E+0  9.76E+0  3.02E+0 1.00E+0 1.00E+0  122.0  38.0 -100.0
005  1.00E-4 -1.03E+1  1.06E+1  3.02E+0 1.00E+0 1.00E+0  122.0  38.0 -100.0
006  0.00E+0 -1.08E+1  1.15E+1  3.02E+0 1.00E+0 1.00E+0  122.0  38.0 -100.0
007  0.00E+0 -1.14E+1  1.23E+1  3.02E+0 1.00E+0 1.00E+0  122.0  38.0 -100.0
008  0.00E+0 -1.19E+1  1.32E+1  3.02E+0 1.00E+0 1.00E+0  122.0  38.0 -100.0
009  0.00E+0 -1.24E+1  1.40E+1  3.02E+0 1.00E+0 1.00E+0  122.0  38.0 -100.0
010  2.40E-4 -8.84E+0  6.80E+0  3.64E+0 1.00E+0 1.00E+0  122.0  38.0 -100.0
011  5.60E-4 -9.37E+0  7.65E+0  3.64E+0 1.00E+0 1.00E+0  122.0  38.0 -100.0
012  3.80E-4 -9.90E+0  8.50E+0  3.64E+0 1.00E+0 1.00E+0  122.0  38.0 -100.0
013  3.20E-4 -1.04E+1  9.35E+0  3.64E+0 1.00E+0 1.00E+0  122.0  38.0 -100.0
014  3.40E-4 -1.10E+1  1.02E+1  3.64E+0 1.00E+0 1.00E+0  122.0  38.0 -100.0
015  3.00E-4 -1.15E+1  1.10E+1  3.64E+0 1.00E+0 1.00E+0  122.0  38.0 -100.0
016  0.00E+0 -1.20E+1  1.19E+1  3.64E+0 1.00E+0 1.00E+0  122.0  38.0 -100.0
017  0.00E+0 -1.25E+1  1.27E+1  3.64E+0 1.00E+0 1.00E+0  122.0  38.0 -100.0
018  0.00E+0 -1.31E+1  1.36E+1  3.64E+0 1.00E+0 1.00E+0  122.0  38.0 -100.0
019  2.60E-4 -9.51E+0  6.38E+0  4.25E+0 1.00E+0 1.00E+0  122.0  38.0 -100.0
020  6.00E-4 -1.00E+1  7.23E+0  4.25E+0 1.00E+0 1.00E+0  122.0  38.0 -100.0
021  5.40E-4 -1.06E+1  8.08E+0  4.25E+0 1.00E+0 1.00E+0  122.0  38.0 -100.0
022  5.00E-4 -1.11E+1  8.93E+0  4.25E+0 1.00E+0 1.00E+0  122.0  38.0 -100.0
023  4.00E-4 -1.16E+1  9.78E+0  4.25E+0 1.00E+0 1.00E+0  122.0  38.0 -100.0
024  2.80E-4 -1.22E+1  1.06E+1  4.25E+0 1.00E+0 1.00E+0  122.0  38.0 -100.0
025  1.00E-4 -1.27E+1  1.15E+1  4.25E+0 1.00E+0 1.00E+0  122.0  38.0 -100.0
026  1.00E-4 -1.32E+1  1.23E+1  4.25E+0 1.00E+0 1.00E+0  122.0  38.0 -100.0
027  0.00E+0 -1.37E+1  1.32E+1  4.25E+0 1.00E+0 1.00E+0  122.0  38.0 -100.0
028  3.20E-4 -1.02E+1  5.97E+0  4.87E+0 1.00E+0 1.00E+0  122.0  38.0 -100.0
029  8.00E-4 -1.07E+1  6.81E+0  4.87E+0 1.00E+0 1.00E+0  122.0  38.0 -100.0
030  6.40E-4 -1.12E+1  7.66E+0  4.87E+0 1.00E+0 1.00E+0  122.0  38.0 -100.0
031  6.00E-4 -1.18E+1  8.51E+0  4.87E+0 1.00E+0 1.00E+0  122.0  38.0 -100.0
032  5.20E-4 -1.23E+1  9.36E+0  4.87E+0 1.00E+0 1.00E+0  122.0  38.0 -100.0
033  4.20E-4 -1.28E+1  1.02E+1  4.87E+0 1.00E+0 1.00E+0  122.0  38.0 -100.0
034  3.80E-4 -1.34E+1  1.11E+1  4.87E+0 1.00E+0 1.00E+0  122.0  38.0 -100.0
035  2.40E-4 -1.39E+1  1.19E+1  4.87E+0 1.00E+0 1.00E+0  122.0  38.0 -100.0
036  8.00E-5 -1.44E+1  1.28E+1  4.87E+0 1.00E+0 1.00E+0  122.0  38.0 -100.0
037  4.60E-4 -1.08E+1  5.55E+0  5.48E+0 1.00E+0 1.00E+0  122.0  38.0 -100.0
038  8.00E-4 -1.14E+1  6.40E+0  5.48E+0 1.00E+0 1.00E+0  122.0  38.0 -100.0
039  8.00E-4 -1.19E+1  7.24E+0  5.48E+0 1.00E+0 1.00E+0  122.0  38.0 -100.0
040  7.60E-4 -1.24E+1  8.09E+0  5.48E+0 1.00E+0 1.00E+0  122.0  38.0 -100.0
041  6.20E-4 -1.30E+1  8.94E+0  5.48E+0 1.00E+0 1.00E+0  122.0  38.0 -100.0
042  5.80E-4 -1.35E+1  9.79E+0  5.48E+0 1.00E+0 1.00E+0  122.0  38.0 -100.0
043  4.00E-4 -1.40E+1  1.06E+1  5.48E+0 1.00E+0 1.00E+0  122.0  38.0 -100.0
044  3.80E-4 -1.46E+1  1.15E+1  5.48E+0 1.00E+0 1.00E+0  122.0  38.0 -100.0
045  1.20E-4 -1.51E+1  1.23E+1  5.48E+0 1.00E+0 1.00E+0  122.0  38.0 -100.0
046  4.00E-4 -1.15E+1  5.13E+0  6.10E+0 1.00E+0 1.00E+0  122.0  38.0 -100.0
047  4.20E-4 -1.20E+1  5.98E+0  6.10E+0 1.00E+0 1.00E+0  122.0  38.0 -100.0
048  4.00E-4 -1.26E+1  6.83E+0  6.10E+0 1.00E+0 1.00E+0  122.0  38.0 -100.0
049  3.20E-4 -1.31E+1  7.67E+0  6.10E+0 1.00E+0 1.00E+0  122.0  38.0 -100.0
050  2.60E-4 -1.36E+1  8.52E+0  6.10E+0 1.00E+0 1.00E+0  122.0  38.0 -100.0
051  2.40E-4 -1.42E+1  9.37E+0  6.10E+0 1.00E+0 1.00E+0  122.0  38.0 -100.0
052  2.20E-4 -1.47E+1  1.02E+1  6.10E+0 1.00E+0 1.00E+0  122.0  38.0 -100.0
053  2.00E-4 -1.52E+1  1.11E+1  6.10E+0 1.00E+0 1.00E+0  122.0  38.0 -100.0
054  6.00E-5 -1.58E+1  1.19E+1  6.10E+0 1.00E+0 1.00E+0  122.0  38.0 -100.0
# ----------------------------------------------------------------------------
# number of coseismic tensile segments
    0
# number of coseismic dilatation point sources
    0
# number of surface loads
    0
# max sampling size (hor.,vert.): 4.00E-1 4.00E-1
# ----------------------------------------------------------------------------
coseismic event 001
 I  |   Dt   | tm(ve) | tm(pl) | tm(as) |     t/tmax     | power  |  C:E^i | 
000* 0.00E+00 0.00E+00 0.00E+00 0.00E+00 0.00E+00/2.00E+0 0.00E+00 2.31E+08
coseismic event 002
 I  |   Dt   | tm(ve) | tm(pl) | tm(as) |     t/tmax     | power  |  C:E^i | 
001* 1.00E+00 1.00E+07 1.00E+07 1.00E+07 1.00E+00/2.00E+0 0.00E+00 9.26E+08
coseismic event 003
 I  |   Dt   | tm(ve) | tm(pl) | tm(as) |     t/tmax     | power  |  C:E^i | 
002* 1.00E+00 1.00E+07 1.00E+07 1.00E+07 2.00E+00/2.00E+0 0.00E+00 1.46E+09
